[name]
unknown

[dist]
# distance from previous block
# <min> <max>
0	15

[block]
# block no. 0 follows, 61 sequences, length 20
# corresponding to MSA columns:
# 15-34
name=unknown_A
#
# <colnr> <probs for GDERKNQSTAVLIFYWHMCP>
#	G	D	E	R	K	N	Q	S	T	A	V	L	I	F	Y	W	H	M	C	P
0	0.00784	0.00531	0.00729	0.00799	0.00917	0.00531	0.00696	0.03665	0.01038	0.05149	0.02211	0.04570	0.02353	0.01136	0.00582	0.00193	0.00398	0.72890	0.00404	0.00424
1	0.01442	0.01106	0.17778	0.00892	0.01259	0.00849	0.00845	0.08326	0.18408	0.38190	0.05277	0.01430	0.01128	0.00534	0.00433	0.00136	0.00418	0.00434	0.00429	0.00687
2	0.01318	0.21826	0.08465	0.00870	0.01211	0.01195	0.00789	0.21791	0.19161	0.13276	0.04996	0.01231	0.01007	0.00506	0.00397	0.00125	0.00427	0.00390	0.00367	0.00653
3	0.08076	0.00726	0.00867	0.00744	0.00990	0.00726	0.00589	0.01770	0.23118	0.35145	0.07518	0.11128	0.01533	0.00666	0.00442	0.00142	0.00331	0.02451	0.00457	0.02580
4	0.00626	0.00418	0.00470	0.00470	0.00470	0.00418	0.00261	0.00626	0.00626	0.00835	0.01357	0.02819	0.01566	0.84862	0.02192	0.00418	0.00418	0.00626	0.00261	0.00261
5	0.01637	0.01207	0.01293	0.00991	0.01336	0.01336	0.00819	0.80738	0.02025	0.02715	0.01034	0.01034	0.00733	0.00517	0.00431	0.00129	0.00474	0.00388	0.00431	0.00733
6	0.01564	0.04369	0.01295	0.00977	0.01306	0.05772	0.00803	0.66016	0.09476	0.02474	0.01066	0.01062	0.00771	0.00514	0.00424	0.00128	0.00477	0.00385	0.00411	0.00708
7	0.01257	0.36233	0.01591	0.00821	0.01166	0.13698	0.00715	0.17037	0.01159	0.01448	0.00734	0.00819	0.00609	0.00398	0.00334	0.00096	0.00478	0.00274	0.00255	0.20880
8	0.37090	0.00894	0.00910	0.00735	0.01035	0.00957	0.00605	0.23685	0.01241	0.23888	0.02424	0.01064	0.00779	0.00479	0.00362	0.00131	0.00376	0.00344	0.02390	0.00610
9	0.02823	0.01843	0.59492	0.01110	0.01661	0.00957	0.01331	0.07676	0.01053	0.16590	0.00963	0.01019	0.00656	0.00441	0.00413	0.00135	0.00568	0.00343	0.00268	0.00659
10	0.01288	0.06314	0.13641	0.02614	0.01369	0.06080	0.11313	0.02817	0.09914	0.27547	0.01420	0.08690	0.02856	0.00573	0.00441	0.00138	0.00476	0.01532	0.00362	0.00615
11	0.01156	0.00589	0.00768	0.00657	0.00857	0.00544	0.00516	0.01419	0.07411	0.33097	0.41415	0.05615	0.02638	0.00741	0.00475	0.00137	0.00279	0.00640	0.00491	0.00552
12	0.00534	0.00417	0.00487	0.00529	0.00623	0.00370	0.00385	0.00642	0.00938	0.01183	0.08361	0.34736	0.41583	0.01183	0.00530	0.00160	0.00241	0.06329	0.00404	0.00363
13	0.05054	0.01075	0.03498	0.07826	0.05177	0.01075	0.53383	0.01281	0.00936	0.01332	0.00857	0.03878	0.00700	0.00455	0.00605	0.00150	0.11464	0.00485	0.00220	0.00551
14	0.00825	0.00777	0.01299	0.74981	0.06603	0.00963	0.01176	0.01099	0.00858	0.01113	0.00792	0.02798	0.00624	0.00460	0.00473	0.00145	0.03934	0.00399	0.00196	0.00485
15	0.01066	0.01304	0.26997	0.04302	0.01388	0.04747	0.02590	0.13597	0.09395	0.07817	0.16220	0.01649	0.01439	0.00575	0.00443	0.00137	0.00469	0.03555	0.01717	0.00593
16	0.00864	0.00511	0.00652	0.00616	0.00756	0.00468	0.00459	0.02786	0.03039	0.16771	0.26241	0.30910	0.09829	0.00964	0.00500	0.00148	0.00264	0.00848	0.00445	0.02930
17	0.25107	0.30975	0.02311	0.03039	0.01062	0.02840	0.00646	0.06361	0.05115	0.05340	0.04541	0.01111	0.04801	0.00473	0.00349	0.00118	0.01780	0.00332	0.00279	0.03420
18	0.00971	0.00622	0.00756	0.00644	0.00849	0.00586	0.00504	0.06266	0.09389	0.15655	0.39795	0.02449	0.09277	0.00727	0.00464	0.00129	0.00276	0.00621	0.00449	0.09569
19	0.11415	0.04863	0.02647	0.00843	0.04501	0.04469	0.02269	0.03268	0.17007	0.13368	0.05677	0.05320	0.03592	0.00560	0.00403	0.00125	0.00376	0.03061	0.00356	0.15880

[dist]
# distance from previous block
# <min> <max>
0	5

[block]
# block no. 1 follows, 61 sequences, length 92
# corresponding to MSA columns:
# 40-62,64-89,93-135
name=unknown_B
#
# <colnr> <probs for GDERKNQSTAVLIFYWHMCP>
#	G	D	E	R	K	N	Q	S	T	A	V	L	I	F	Y	W	H	M	C	P
0	0.07231	0.04079	0.02423	0.13898	0.06107	0.17290	0.00753	0.04892	0.03613	0.06691	0.02285	0.16821	0.02537	0.04782	0.00554	0.01302	0.02458	0.00533	0.00296	0.01455
1	0.02942	0.00906	0.00999	0.05223	0.01198	0.02118	0.00698	0.08829	0.50429	0.05734	0.04471	0.03142	0.01243	0.00577	0.00466	0.00139	0.03488	0.00468	0.00402	0.06527
2	0.01014	0.00812	0.01020	0.03955	0.02535	0.00708	0.03153	0.07025	0.00989	0.06289	0.00853	0.00982	0.00679	0.00382	0.00405	0.00087	0.04930	0.00302	0.02805	0.61075
3	0.05264	0.00723	0.03978	0.07648	0.01110	0.00660	0.02098	0.04093	0.09080	0.11222	0.10364	0.20560	0.02757	0.00709	0.00438	0.00133	0.00342	0.00614	0.02247	0.15961
4	0.21540	0.10302	0.27014	0.02303	0.04300	0.00993	0.00941	0.05056	0.03593	0.09523	0.02840	0.02750	0.00797	0.00469	0.00372	0.00130	0.00460	0.02172	0.00277	0.04169
5	0.04984	0.39587	0.09831	0.02754	0.15096	0.07451	0.00931	0.09314	0.02905	0.02435	0.00745	0.00858	0.00614	0.00405	0.00347	0.00112	0.00504	0.00296	0.00231	0.00597
6	0.00540	0.00392	0.00524	0.00634	0.02340	0.00365	0.00415	0.00615	0.00830	0.01102	0.02406	0.77199	0.06645	0.01319	0.00568	0.01928	0.00256	0.01174	0.00392	0.00354
7	0.04674	0.37711	0.32916	0.00966	0.01405	0.01302	0.03264	0.02730	0.02121	0.01255	0.02161	0.02610	0.00674	0.00437	0.00398	0.00121	0.04158	0.00315	0.00206	0.00577
8	0.08990	0.06445	0.39984	0.24241	0.01987	0.01000	0.04610	0.01246	0.00889	0.01329	0.03141	0.02763	0.00701	0.00443	0.00404	0.00137	0.00564	0.00364	0.00207	0.00557
9	0.00641	0.00465	0.00575	0.00574	0.00638	0.00462	0.00398	0.03471	0.02727	0.01305	0.28375	0.24541	0.05285	0.23663	0.02946	0.00237	0.02123	0.00824	0.00380	0.00369
10	0.00615	0.00462	0.00692	0.00692	0.00769	0.00538	0.00538	0.00769	0.00692	0.01000	0.01154	0.01692	0.01077	0.03231	0.83154	0.00692	0.01154	0.00462	0.00231	0.00385
11	0.00936	0.04625	0.47243	0.01451	0.01996	0.01061	0.33768	0.01368	0.00952	0.01359	0.00807	0.01005	0.00590	0.00389	0.00445	0.00139	0.00667	0.00393	0.00197	0.00611
12	0.00542	0.00428	0.00492	0.00533	0.00632	0.00383	0.00389	0.00670	0.02603	0.01174	0.05044	0.33861	0.43845	0.01179	0.00529	0.00160	0.00245	0.06521	0.00402	0.00368
13	0.05297	0.05303	0.37217	0.02949	0.17234	0.01044	0.07301	0.08228	0.03335	0.02932	0.00876	0.01082	0.00675	0.00433	0.00413	0.00133	0.00555	0.02315	0.00237	0.02440
14	0.00922	0.06257	0.18052	0.43022	0.17830	0.01019	0.01252	0.01250	0.02270	0.02981	0.00803	0.01070	0.00611	0.00418	0.00416	0.00136	0.00560	0.00363	0.00205	0.00564
15	0.01022	0.00738	0.00831	0.00741	0.00952	0.00791	0.00576	0.01761	0.44485	0.11964	0.21317	0.02171	0.08063	0.00687	0.00458	0.00141	0.00299	0.00581	0.01827	0.00593
16	0.02476	0.00562	0.00684	0.03001	0.00824	0.00552	0.02230	0.02345	0.07154	0.18255	0.13279	0.01908	0.06047	0.00596	0.00390	0.00121	0.00275	0.00497	0.38303	0.00501
17	0.21338	0.16589	0.13267	0.03890	0.03515	0.01089	0.00834	0.06145	0.00978	0.19497	0.00904	0.00968	0.00662	0.00465	0.00451	0.00131	0.08070	0.00322	0.00297	0.00589
18	0.00626	0.00418	0.00470	0.00470	0.00470	0.00418	0.00261	0.00626	0.00626	0.00835	0.01357	0.02819	0.01566	0.84862	0.02192	0.00418	0.00418	0.00626	0.00261	0.00261
19	0.00552	0.00438	0.00496	0.00482	0.00608	0.00382	0.00361	0.00702	0.01084	0.01406	0.37740	0.03746	0.48472	0.01000	0.00509	0.00141	0.00212	0.00853	0.00432	0.00382
20	0.01047	0.00968	0.01269	0.30912	0.03374	0.08406	0.09063	0.12949	0.13395	0.01510	0.02972	0.06477	0.00966	0.00531	0.00440	0.00139	0.00512	0.00466	0.04057	0.00550
21	0.03879	0.36858	0.19695	0.02696	0.05038	0.03772	0.05586	0.10763	0.01057	0.05834	0.00780	0.00878	0.00610	0.00409	0.00359	0.00116	0.00521	0.00307	0.00239	0.00604
22	0.09010	0.01082	0.01045	0.03641	0.07684	0.22501	0.00760	0.03606	0.00933	0.01224	0.01119	0.23253	0.01179	0.00752	0.00666	0.00151	0.20088	0.00565	0.00271	0.00471
23	0.41167	0.01062	0.03849	0.05644	0.03263	0.08307	0.15134	0.02746	0.02732	0.04097	0.00740	0.00902	0.00573	0.00440	0.00449	0.00139	0.07657	0.00329	0.00254	0.00520
24	0.00783	0.00448	0.00507	0.00487	0.00546	0.00443	0.00315	0.01941	0.00771	0.07182	0.01410	0.04099	0.01411	0.51334	0.02909	0.00306	0.00365	0.00558	0.23840	0.00345
25	0.03555	0.02564	0.10913	0.08863	0.25505	0.01022	0.21269	0.01370	0.06327	0.04166	0.00938	0.03317	0.00754	0.00454	0.00501	0.00140	0.05657	0.00431	0.01654	0.00601
26	0.00979	0.00931	0.01567	0.27142	0.54609	0.00992	0.01250	0.01265	0.02943	0.01318	0.00850	0.02706	0.00707	0.00422	0.00430	0.00134	0.00521	0.00402	0.00216	0.00614
27	0.00606	0.00440	0.00570	0.00538	0.00641	0.00405	0.00403	0.00805	0.01210	0.01704	0.78778	0.03256	0.07248	0.00889	0.00508	0.00136	0.00204	0.00784	0.00471	0.00405
28	0.01918	0.00736	0.00999	0.00768	0.01100	0.00640	0.00634	0.02102	0.02580	0.81117	0.01700	0.01469	0.01070	0.00534	0.00433	0.00134	0.00366	0.00434	0.00532	0.00732
29	0.00525	0.00375	0.00500	0.00600	0.00625	0.00350	0.00400	0.00600	0.00825	0.01100	0.02374	0.84580	0.02849	0.01350	0.00550	0.00175	0.00250	0.01225	0.00400	0.00350
30	0.01017	0.01162	0.02542	0.01816	0.02251	0.01089	0.80610	0.01380	0.01017	0.01380	0.00871	0.01162	0.00654	0.00363	0.00508	0.00145	0.00726	0.00508	0.00218	0.00581
31	0.00626	0.00418	0.00470	0.00470	0.00470	0.00418	0.00261	0.00626	0.00626	0.00835	0.01357	0.02819	0.01566	0.84862	0.02192	0.00418	0.00418	0.00626	0.00261	0.00261
32	0.00939	0.00793	0.00918	0.00660	0.01040	0.00621	0.00529	0.05993	0.00963	0.01484	0.00782	0.00902	0.00644	0.00331	0.00326	0.00068	0.00329	0.00263	0.00266	0.82149
33	0.01152	0.85121	0.02257	0.00737	0.01106	0.01704	0.00737	0.01290	0.00875	0.01013	0.00599	0.00691	0.00553	0.00369	0.00276	0.00092	0.00461	0.00230	0.00184	0.00553
34	0.00994	0.09245	0.46312	0.02428	0.04511	0.05494	0.19391	0.01386	0.00953	0.03022	0.00792	0.00961	0.00587	0.00404	0.00434	0.00134	0.01785	0.00358	0.00201	0.00608
35	0.00527	0.00376	0.00501	0.00599	0.00625	0.00351	0.00400	0.00604	0.00833	0.01113	0.04096	0.82820	0.02875	0.01339	0.00549	0.00174	0.00249	0.01215	0.00401	0.00351
36	0.00525	0.00375	0.00500	0.00600	0.00625	0.00350	0.00400	0.00600	0.00825	0.01100	0.02374	0.84580	0.02849	0.01350	0.00550	0.00175	0.00250	0.01225	0.00400	0.00350
37	0.27583	0.00664	0.00714	0.01925	0.00852	0.00681	0.00495	0.04847	0.01054	0.09578	0.32953	0.03565	0.03770	0.00642	0.00425	0.00131	0.01850	0.00516	0.00384	0.07370
38	0.01137	0.80877	0.06372	0.00762	0.01144	0.01668	0.00781	0.01294	0.00877	0.01031	0.00608	0.00702	0.00552	0.00371	0.00283	0.00094	0.00470	0.00235	0.00184	0.00557
39	0.01755	0.00982	0.01147	0.00881	0.01216	0.01006	0.00727	0.44291	0.01653	0.38295	0.01337	0.01237	0.00888	0.00524	0.00430	0.00131	0.00421	0.00408	0.01945	0.00727
40	0.20689	0.00605	0.00689	0.01562	0.00819	0.00599	0.00480	0.01215	0.02580	0.19579	0.37246	0.03821	0.07052	0.00705	0.00435	0.00136	0.00277	0.00585	0.00430	0.00495
41	0.03028	0.04543	0.04163	0.02613	0.04189	0.00768	0.03711	0.04414	0.05291	0.53332	0.06615	0.01460	0.01160	0.00525	0.00428	0.00131	0.00394	0.00437	0.00452	0.02345
42	0.00584	0.00439	0.00540	0.00515	0.00628	0.00395	0.00386	0.00763	0.01158	0.01583	0.62073	0.03455	0.24029	0.00934	0.00508	0.00138	0.00207	0.00812	0.00455	0.00395
43	0.01856	0.00779	0.01020	0.00788	0.01114	0.00709	0.00649	0.11483	0.01316	0.70547	0.01639	0.03829	0.01078	0.00555	0.00436	0.00134	0.00376	0.00451	0.00517	0.00722
44	0.03017	0.00917	0.09009	0.07057	0.01327	0.00769	0.03271	0.07972	0.04939	0.47242	0.04064	0.02660	0.02969	0.00556	0.00439	0.00137	0.00417	0.02140	0.00437	0.00662
45	0.00973	0.01261	0.26322	0.32756	0.16195	0.00946	0.03688	0.01310	0.00942	0.08412	0.02602	0.01134	0.00705	0.00433	0.00428	0.00138	0.00561	0.00380	0.00229	0.00586
46	0.00553	0.00423	0.00514	0.00575	0.00657	0.00388	0.00423	0.00676	0.02149	0.01162	0.03056	0.42799	0.30817	0.01222	0.00540	0.00168	0.00262	0.12849	0.00400	0.00367
47	0.00867	0.02160	0.78236	0.03301	0.01903	0.01002	0.03919	0.01358	0.00911	0.01358	0.00776	0.00923	0.00550	0.00408	0.00413	0.00137	0.00638	0.00326	0.00183	0.00631
48	0.02017	0.07032	0.30980	0.17381	0.19230	0.04051	0.01257	0.03041	0.04441	0.05332	0.00856	0.01028	0.00643	0.00422	0.00409	0.00132	0.00558	0.00351	0.00227	0.00612
49	0.05989	0.01165	0.08114	0.02181	0.02856	0.18299	0.00755	0.04989	0.14703	0.19618	0.03782	0.01591	0.08532	0.00578	0.00438	0.00134	0.01667	0.02184	0.01839	0.00587
50	0.01180	0.00963	0.01018	0.00881	0.01141	0.01100	0.00695	0.18820	0.61343	0.01987	0.01587	0.01486	0.01183	0.00567	0.00431	0.00141	0.00363	0.00463	0.03969	0.00681
51	0.51386	0.01080	0.02455	0.03593	0.12731	0.12592	0.06464	0.01339	0.00863	0.01643	0.00666	0.00818	0.00530	0.00408	0.00351	0.00132	0.01901	0.00289	0.00244	0.00514
52	0.01734	0.00852	0.01053	0.00816	0.01133	0.00826	0.00670	0.25695	0.01471	0.51744	0.08147	0.01481	0.01214	0.00557	0.00439	0.00132	0.00385	0.00448	0.00497	0.00706
53	0.01044	0.01097	0.07394	0.05135	0.71541	0.01021	0.01318	0.01347	0.03364	0.01406	0.00834	0.01074	0.00688	0.00393	0.00426	0.00130	0.00517	0.00382	0.00217	0.00672
54	0.00796	0.00605	0.00743	0.00748	0.00899	0.00618	0.00611	0.02177	0.18931	0.02819	0.07067	0.09416	0.05742	0.03397	0.00571	0.00174	0.00349	0.37772	0.00401	0.06163
55	0.00622	0.00436	0.00565	0.00565	0.00597	0.00469	0.00379	0.00687	0.00655	0.00905	0.01270	0.02338	0.01357	0.50052	0.36717	0.00535	0.00732	0.00556	0.00248	0.00314
56	0.00520	0.00437	0.00452	0.00448	0.00589	0.00368	0.00336	0.00640	0.01009	0.01227	0.13087	0.04041	0.73236	0.01067	0.00509	0.00144	0.00217	0.00894	0.00408	0.00368
57	0.00525	0.00376	0.00499	0.00597	0.00624	0.00350	0.00399	0.00600	0.00827	0.01101	0.02407	0.83242	0.04166	0.01345	0.00549	0.00174	0.00249	0.01219	0.00400	0.00350
58	0.85105	0.00830	0.00645	0.00573	0.00842	0.00955	0.00472	0.01293	0.00749	0.04555	0.00636	0.00725	0.00486	0.00404	0.00272	0.00133	0.00334	0.00240	0.00275	0.00475
59	0.01152	0.85121	0.02257	0.00737	0.01106	0.01704	0.00737	0.01290	0.00875	0.01013	0.00599	0.00691	0.00553	0.00369	0.00276	0.00092	0.00461	0.00230	0.00184	0.00553
60	0.01071	0.00925	0.00974	0.00877	0.01120	0.01071	0.00682	0.02289	0.81396	0.01802	0.01753	0.01607	0.01315	0.00584	0.00438	0.00146	0.00341	0.00487	0.00438	0.00682
61	0.01658	0.01048	0.01180	0.00918	0.01249	0.01117	0.00754	0.51139	0.10158	0.24271	0.01290	0.01212	0.00884	0.00529	0.00432	0.00132	0.00431	0.00411	0.00459	0.00727
62	0.00615	0.00462	0.00692	0.00692	0.00769	0.00538	0.00538	0.00769	0.00692	0.01000	0.01154	0.01692	0.01077	0.03231	0.83154	0.00692	0.01154	0.00462	0.00231	0.00385
63	0.86500	0.00839	0.00644	0.00573	0.00841	0.00972	0.00472	0.02560	0.00754	0.01945	0.00607	0.00705	0.00471	0.00402	0.00269	0.00133	0.00336	0.00236	0.00269	0.00471
64	0.01710	0.01259	0.01345	0.01044	0.01392	0.01375	0.00851	0.79797	0.02064	0.02774	0.01113	0.01145	0.00809	0.00570	0.00466	0.00144	0.00501	0.00414	0.00456	0.00772
65	0.00886	0.00464	0.00465	0.00461	0.00568	0.00452	0.00340	0.01063	0.00956	0.01679	0.01479	0.01710	0.01176	0.00555	0.00338	0.00116	0.00231	0.00428	0.86189	0.00445
66	0.00886	0.00464	0.00465	0.00461	0.00568	0.00452	0.00340	0.01063	0.00956	0.01679	0.01479	0.01710	0.01176	0.00555	0.00338	0.00116	0.00231	0.00428	0.86189	0.00445
67	0.00694	0.00503	0.00635	0.00601	0.00710	0.00458	0.00446	0.00871	0.01259	0.01780	0.78080	0.03346	0.05885	0.00938	0.00543	0.00151	0.00237	0.01916	0.00496	0.00449
68	0.01230	0.84120	0.02297	0.00793	0.01164	0.01739	0.00771	0.01346	0.00928	0.01094	0.00683	0.00806	0.00631	0.00423	0.00313	0.00108	0.00488	0.00259	0.00213	0.00594
69	0.02473	0.01724	0.56402	0.01067	0.01541	0.00871	0.01251	0.01258	0.01048	0.01556	0.24349	0.01686	0.01641	0.00600	0.00470	0.00151	0.00531	0.00477	0.00297	0.00607
70	0.00682	0.00495	0.00625	0.00625	0.00715	0.00457	0.00449	0.00850	0.03149	0.01619	0.55981	0.26813	0.03678	0.01057	0.00552	0.00162	0.00251	0.00922	0.00477	0.00440
71	0.23649	0.00824	0.00974	0.02615	0.01136	0.00783	0.00641	0.03106	0.01159	0.58211	0.01462	0.01365	0.00971	0.00550	0.00426	0.00148	0.00393	0.00407	0.00481	0.00700
72	0.02002	0.00791	0.01055	0.00822	0.01159	0.00681	0.00668	0.02145	0.01281	0.81531	0.01770	0.01572	0.01138	0.00586	0.00468	0.00148	0.00395	0.00459	0.00557	0.00773
73	0.00953	0.02220	0.78095	0.01303	0.01931	0.01048	0.05133	0.01420	0.00967	0.01441	0.00859	0.01033	0.00629	0.00461	0.00449	0.00152	0.00666	0.00354	0.00212	0.00675
74	0.01044	0.01059	0.01711	0.01372	0.01501	0.01295	0.23143	0.01191	0.00814	0.01212	0.00735	0.01116	0.00668	0.00695	0.01184	0.00191	0.59858	0.00440	0.00225	0.00544
75	0.01166	0.00605	0.00786	0.00682	0.00871	0.00537	0.00525	0.01329	0.01261	0.30655	0.50002	0.05039	0.02991	0.00818	0.00516	0.00151	0.00293	0.00690	0.00518	0.00565
76	0.70464	0.02977	0.06243	0.02200	0.02665	0.02979	0.00633	0.03028	0.00857	0.03326	0.00732	0.00866	0.00578	0.00460	0.00329	0.00147	0.00407	0.00281	0.00291	0.00538
77	0.01978	0.00786	0.01048	0.00818	0.01150	0.00677	0.00664	0.02122	0.01281	0.80079	0.03213	0.01603	0.01192	0.00592	0.00469	0.00148	0.00392	0.00465	0.00556	0.00767
78	0.03128	0.39003	0.18236	0.01158	0.01593	0.02993	0.24252	0.02704	0.00947	0.01242	0.00722	0.00880	0.00582	0.00380	0.00375	0.00118	0.00577	0.00333	0.00201	0.00578
79	0.06854	0.00595	0.00708	0.00593	0.00814	0.00558	0.00475	0.03093	0.01076	0.37677	0.04409	0.01614	0.03778	0.00542	0.00374	0.00120	0.00289	0.00434	0.35437	0.00559
80	0.00545	0.00420	0.00501	0.00534	0.00627	0.00375	0.00389	0.00667	0.00977	0.01264	0.19336	0.31512	0.34541	0.01142	0.00528	0.00157	0.00236	0.05465	0.00415	0.00370
81	0.00594	0.00437	0.00556	0.00533	0.00636	0.00399	0.00397	0.00780	0.01173	0.01632	0.69113	0.07328	0.12965	0.00928	0.00510	0.00139	0.00207	0.00816	0.00462	0.00399
82	0.00942	0.00942	0.01319	0.01131	0.01131	0.01319	0.00942	0.01037	0.00660	0.01037	0.00565	0.00942	0.00565	0.00754	0.01414	0.00188	0.84073	0.00377	0.00188	0.00471
83	0.00619	0.00449	0.00628	0.00628	0.00683	0.00503	0.00458	0.00728	0.00673	0.00952	0.01213	0.02018	0.01218	0.26860	0.59719	0.00613	0.00941	0.00509	0.00240	0.00349
84	0.87904	0.00833	0.00633	0.00566	0.00833	0.00966	0.00467	0.01266	0.00733	0.01933	0.00600	0.00700	0.00467	0.00400	0.00267	0.00133	0.00333	0.00233	0.00267	0.00467
85	0.04105	0.00866	0.01079	0.26089	0.01668	0.02096	0.00780	0.14354	0.03668	0.01555	0.00835	0.01009	0.00649	0.00399	0.00375	0.00105	0.00431	0.00323	0.00271	0.39345
86	0.01867	0.00797	0.01034	0.00798	0.01129	0.00734	0.00657	0.11691	0.04097	0.69966	0.01620	0.01418	0.01034	0.00533	0.00433	0.00133	0.00379	0.00430	0.00517	0.00731
87	0.00803	0.00401	0.00401	0.00401	0.00502	0.00401	0.00301	0.01004	0.00903	0.01606	0.01405	0.01606	0.01104	0.00502	0.00301	0.00100	0.00201	0.00401	0.87253	0.00401
88	0.00525	0.00375	0.00500	0.00600	0.00625	0.00350	0.00400	0.00600	0.00825	0.01100	0.02374	0.84580	0.02849	0.01350	0.00550	0.00175	0.00250	0.01225	0.00400	0.00350
89	0.01637	0.01207	0.01293	0.00991	0.01336	0.01336	0.00819	0.80738	0.02025	0.02715	0.01034	0.01034	0.00733	0.00517	0.00431	0.00129	0.00474	0.00388	0.00431	0.00733
90	0.00893	0.00766	0.00893	0.00638	0.01021	0.00574	0.00510	0.01085	0.00893	0.01404	0.00766	0.00893	0.00638	0.00319	0.00319	0.00064	0.00319	0.00255	0.00255	0.87495
91	0.01210	0.00879	0.00957	0.00750	0.01040	0.00890	0.00605	0.37669	0.03141	0.02054	0.01093	0.02992	0.00852	0.00481	0.00374	0.00107	0.00362	0.00376	0.20331	0.23839

[dist]
# distance from previous block
# <min> <max>
1	3

[block]
# block no. 2 follows, 61 sequences, length 57
# corresponding to MSA columns:
# 139-192,195-197
name=unknown_C
#
# <colnr> <probs for GDERKNQSTAVLIFYWHMCP>
#	G	D	E	R	K	N	Q	S	T	A	V	L	I	F	Y	W	H	M	C	P
0	0.00538	0.00390	0.00530	0.00649	0.02575	0.00366	0.00422	0.00617	0.00828	0.01107	0.02337	0.82583	0.02797	0.01326	0.00547	0.00174	0.00256	0.01204	0.00395	0.00358
1	0.00893	0.00766	0.00893	0.00638	0.01021	0.00574	0.00510	0.01085	0.00893	0.01404	0.00766	0.00893	0.00638	0.00319	0.00319	0.00064	0.00319	0.00255	0.00255	0.87495
2	0.00591	0.00434	0.00557	0.00573	0.00652	0.00409	0.00411	0.00781	0.04114	0.01472	0.45960	0.33901	0.06414	0.01054	0.00521	0.00151	0.00227	0.00941	0.00442	0.00394
3	0.00912	0.00564	0.00735	0.02435	0.00913	0.00559	0.00595	0.03839	0.08107	0.14967	0.02157	0.28224	0.04666	0.01033	0.00528	0.00170	0.00342	0.28353	0.00421	0.00476
4	0.00674	0.00532	0.00742	0.00710	0.00755	0.00640	0.00537	0.00778	0.00670	0.00965	0.01106	0.01850	0.01114	0.23422	0.48867	0.00538	0.15013	0.00489	0.00231	0.00368
5	0.00592	0.00440	0.00551	0.00523	0.00633	0.00399	0.00392	0.00778	0.01177	0.01627	0.68101	0.03383	0.17973	0.00918	0.00508	0.00137	0.00206	0.00802	0.00461	0.00399
6	0.00614	0.00424	0.00501	0.00516	0.00522	0.00429	0.00310	0.00633	0.00669	0.00897	0.01550	0.20101	0.01809	0.64731	0.01822	0.00360	0.02793	0.00746	0.00288	0.00286
7	0.61520	0.03095	0.20064	0.01690	0.01098	0.00973	0.00742	0.01280	0.00785	0.01757	0.00668	0.00783	0.00509	0.00405	0.00304	0.00132	0.00406	0.00260	0.03021	0.00507
8	0.00971	0.01002	0.01904	0.24274	0.25076	0.01049	0.31754	0.01267	0.00943	0.01291	0.00807	0.01118	0.00635	0.00411	0.00518	0.00142	0.05624	0.00431	0.00208	0.00575
9	0.00916	0.00951	0.05987	0.53654	0.13127	0.03373	0.08577	0.01206	0.00918	0.03160	0.02466	0.01162	0.00677	0.00433	0.00449	0.00140	0.01665	0.00397	0.00211	0.00529
10	0.01198	0.00907	0.01103	0.02521	0.01214	0.00844	0.04354	0.22292	0.04307	0.09262	0.00963	0.01029	0.00727	0.00413	0.00392	0.00098	0.01731	0.00332	0.00330	0.45983
11	0.00569	0.00421	0.00533	0.00551	0.00636	0.00385	0.00401	0.00716	0.01048	0.01422	0.41431	0.28996	0.16529	0.01073	0.00524	0.00152	0.00227	0.03569	0.00436	0.00381
12	0.01367	0.48984	0.01745	0.00808	0.01129	0.14839	0.00725	0.01521	0.02031	0.17809	0.03260	0.00956	0.00773	0.00440	0.00357	0.00107	0.02000	0.00302	0.00274	0.00577
13	0.00642	0.00449	0.00580	0.00596	0.00682	0.00426	0.00433	0.00841	0.05051	0.04031	0.39255	0.36023	0.04563	0.01058	0.00522	0.00154	0.00241	0.03604	0.00440	0.00407
14	0.06129	0.10312	0.39934	0.01198	0.01664	0.03760	0.16470	0.02388	0.04072	0.01377	0.00901	0.01220	0.00728	0.00465	0.00439	0.00138	0.02215	0.05778	0.00223	0.00586
15	0.00807	0.00780	0.04597	0.17691	0.21582	0.00761	0.05534	0.02467	0.04663	0.01281	0.03484	0.31458	0.01556	0.00768	0.00479	0.00151	0.00430	0.00708	0.00297	0.00507
16	0.00803	0.00401	0.00401	0.00401	0.00502	0.00401	0.00301	0.01004	0.00903	0.01606	0.01405	0.01606	0.01104	0.00502	0.00301	0.00100	0.00201	0.00401	0.87253	0.00401
17	0.01603	0.00720	0.00935	0.00746	0.01030	0.00664	0.00605	0.05517	0.08486	0.56992	0.16117	0.01774	0.01613	0.00600	0.00447	0.00135	0.00340	0.00498	0.00509	0.00670
18	0.02988	0.07322	0.23188	0.02329	0.17501	0.01084	0.04441	0.19356	0.04781	0.08195	0.00991	0.02953	0.00755	0.00464	0.00414	0.00131	0.00509	0.00386	0.01559	0.00653
19	0.01621	0.00836	0.01017	0.00801	0.01100	0.00825	0.00654	0.23964	0.06348	0.44094	0.10191	0.01547	0.01314	0.00568	0.00437	0.00132	0.00373	0.00460	0.03032	0.00685
20	0.00626	0.00419	0.00475	0.00475	0.00477	0.00420	0.00267	0.00630	0.00628	0.00839	0.01353	0.02793	0.01555	0.82976	0.04062	0.00424	0.00435	0.00623	0.00260	0.00264
21	0.00849	0.01137	0.19629	0.44971	0.06455	0.00951	0.11964	0.01183	0.00908	0.01231	0.03178	0.03989	0.00762	0.00459	0.00442	0.00142	0.00584	0.00425	0.00209	0.00531
22	0.02456	0.04728	0.44807	0.01127	0.03515	0.03643	0.05342	0.04258	0.02873	0.20533	0.02035	0.01091	0.00745	0.00449	0.00415	0.00133	0.00551	0.00363	0.00288	0.00649
23	0.00649	0.00562	0.00951	0.03250	0.01022	0.00549	0.16204	0.00784	0.00849	0.01141	0.01925	0.59245	0.02216	0.04875	0.00642	0.00180	0.03210	0.01004	0.00345	0.00399
24	0.00890	0.00882	0.00881	0.00831	0.00934	0.19249	0.00644	0.02108	0.00824	0.01034	0.00984	0.01431	0.00914	0.04970	0.51731	0.00489	0.10138	0.00415	0.00228	0.00421
25	0.00912	0.00769	0.00910	0.03474	0.01091	0.00600	0.00540	0.01131	0.02845	0.02723	0.00805	0.00928	0.00659	0.00333	0.00328	0.00070	0.00329	0.00268	0.00262	0.81024
26	0.01151	0.73036	0.09421	0.00802	0.01186	0.06186	0.00819	0.01321	0.00898	0.01047	0.00618	0.00715	0.00552	0.00376	0.00295	0.00097	0.00494	0.00241	0.00186	0.00557
27	0.00965	0.00822	0.01054	0.11727	0.07203	0.00835	0.01942	0.07826	0.15367	0.01513	0.01093	0.06502	0.00923	0.00502	0.00449	0.00116	0.05023	0.00414	0.04547	0.31178
28	0.01061	0.03993	0.09069	0.01555	0.10083	0.01102	0.39839	0.04614	0.16388	0.02993	0.01025	0.01191	0.00777	0.00436	0.00501	0.00142	0.03887	0.00454	0.00268	0.00619
29	0.01604	0.01010	0.02641	0.00894	0.01219	0.01039	0.00742	0.39547	0.14399	0.28241	0.03218	0.01313	0.01006	0.00539	0.00434	0.00134	0.00415	0.00426	0.00461	0.00715
30	0.00920	0.00837	0.01143	0.07225	0.01220	0.00979	0.03107	0.03352	0.00811	0.01246	0.00741	0.01025	0.00650	0.00646	0.03497	0.00156	0.39950	0.00351	0.06542	0.25603
31	0.00601	0.00448	0.00561	0.00535	0.00646	0.00411	0.00404	0.00803	0.02339	0.01622	0.65733	0.03390	0.17226	0.00919	0.00509	0.00139	0.00212	0.02639	0.00459	0.00403
32	0.00624	0.00445	0.00552	0.00527	0.00643	0.00400	0.00394	0.00796	0.01138	0.04233	0.55721	0.08354	0.22677	0.00948	0.00508	0.00140	0.00215	0.00826	0.00454	0.00404
33	0.00557	0.00413	0.00520	0.00547	0.00625	0.00376	0.00389	0.00691	0.01015	0.01369	0.35389	0.36688	0.17618	0.01110	0.00525	0.00153	0.00225	0.00985	0.00430	0.00376
34	0.00541	0.00396	0.00551	0.00626	0.00661	0.00371	0.02431	0.00620	0.00823	0.01098	0.02303	0.79782	0.02751	0.04063	0.00603	0.00182	0.00268	0.01187	0.00391	0.00353
35	0.01155	0.00863	0.00990	0.00836	0.01051	0.02290	0.00671	0.40462	0.03025	0.01886	0.01112	0.01368	0.00913	0.03275	0.34538	0.00366	0.00745	0.00424	0.03466	0.00563
36	0.01065	0.52120	0.30134	0.00923	0.01377	0.01441	0.01040	0.03972	0.00922	0.01193	0.00673	0.00783	0.00557	0.00394	0.00347	0.00110	0.01904	0.00269	0.00192	0.00587
37	0.00714	0.00548	0.00680	0.00582	0.00763	0.00479	0.00446	0.03432	0.01156	0.01667	0.57380	0.03624	0.03059	0.00730	0.00457	0.00117	0.00242	0.00637	0.00415	0.22871
38	0.01305	0.00976	0.00916	0.02795	0.01061	0.20036	0.00627	0.02406	0.08472	0.26133	0.16101	0.04601	0.07609	0.00653	0.00446	0.00132	0.00422	0.02138	0.00407	0.02764
39	0.00664	0.00446	0.00617	0.00617	0.00700	0.00503	0.00477	0.00830	0.00747	0.01156	0.01219	0.01670	0.01084	0.02527	0.61776	0.00540	0.00908	0.00446	0.22685	0.00389
40	0.01530	0.08840	0.01199	0.00844	0.01142	0.01915	0.03296	0.24019	0.01378	0.35034	0.08613	0.01526	0.01215	0.03251	0.00507	0.00140	0.02127	0.02345	0.00433	0.00650
41	0.00919	0.00906	0.01269	0.01095	0.01099	0.01260	0.00908	0.01015	0.00661	0.01031	0.00612	0.01018	0.00612	0.02434	0.05897	0.00220	0.78003	0.00386	0.00192	0.00463
42	0.01713	0.00692	0.00930	0.02436	0.01067	0.00603	0.00604	0.01876	0.01195	0.69440	0.03759	0.01814	0.10655	0.00604	0.00444	0.00135	0.00350	0.00496	0.00509	0.00677
43	0.00573	0.00468	0.00569	0.00593	0.00694	0.01867	0.02755	0.00689	0.00938	0.01183	0.07099	0.35545	0.35547	0.01159	0.00531	0.00161	0.00272	0.08589	0.00395	0.00372
44	0.22752	0.35042	0.23555	0.00857	0.01261	0.07783	0.00909	0.01338	0.00876	0.01341	0.00652	0.00759	0.00529	0.00393	0.00319	0.00116	0.00502	0.00259	0.00207	0.00550
45	0.03388	0.36016	0.16924	0.00847	0.01243	0.03934	0.00857	0.03842	0.01900	0.21635	0.02792	0.01013	0.00774	0.00438	0.00357	0.00114	0.00467	0.00320	0.00293	0.02844
46	0.00540	0.00378	0.00495	0.00586	0.00612	0.00355	0.00389	0.00615	0.00816	0.01102	0.02285	0.77270	0.02719	0.05950	0.00633	0.00186	0.00258	0.01164	0.03301	0.00347
47	0.02656	0.00840	0.10189	0.10501	0.01324	0.00685	0.04444	0.01431	0.01035	0.34262	0.07354	0.16345	0.01467	0.01839	0.00508	0.00149	0.02530	0.01476	0.00393	0.00572
48	0.01221	0.00910	0.02709	0.03741	0.10412	0.00942	0.07716	0.07179	0.27468	0.18012	0.01466	0.02689	0.02840	0.00565	0.00497	0.00143	0.04992	0.02703	0.03155	0.00640
49	0.00661	0.00568	0.02518	0.09115	0.03660	0.00535	0.08263	0.01911	0.00883	0.02363	0.02044	0.57904	0.05708	0.01078	0.00522	0.00164	0.00348	0.00989	0.00353	0.00413
50	0.00524	0.00379	0.00496	0.00589	0.00622	0.00351	0.00395	0.00601	0.00835	0.01104	0.02508	0.79152	0.08191	0.01332	0.00547	0.00173	0.00248	0.01203	0.00400	0.00351
51	0.10065	0.00882	0.01268	0.24224	0.03566	0.00984	0.12455	0.19080	0.01133	0.01657	0.01031	0.03607	0.02856	0.00504	0.00464	0.00137	0.04610	0.00427	0.10514	0.00538
52	0.02504	0.03846	0.03058	0.00785	0.01142	0.00743	0.06132	0.07858	0.02194	0.07418	0.00947	0.05134	0.00789	0.00422	0.00380	0.00093	0.01715	0.00351	0.00292	0.54196
53	0.00951	0.06500	0.30946	0.18477	0.05652	0.03660	0.03945	0.05257	0.04188	0.04108	0.02804	0.01397	0.09273	0.00507	0.00425	0.00135	0.00533	0.00420	0.00251	0.00571
54	0.00628	0.00471	0.00698	0.00694	0.00770	0.00552	0.00541	0.00782	0.00698	0.01018	0.01148	0.01673	0.01066	0.03096	0.78906	0.00664	0.03014	0.00458	0.02738	0.00387
55	0.00879	0.00861	0.07212	0.00787	0.02602	0.00643	0.04443	0.05074	0.00956	0.01429	0.02762	0.12965	0.01028	0.00499	0.00380	0.00095	0.00362	0.00431	0.00281	0.56310
56	0.04293	0.24475	0.01494	0.01015	0.02586	0.54007	0.00805	0.02838	0.01108	0.01104	0.00652	0.00763	0.00557	0.00429	0.00377	0.00109	0.02386	0.00269	0.00216	0.00519

[dist]
# distance from previous block
# <min> <max>
0	1

[block]
# block no. 3 follows, 61 sequences, length 10
# corresponding to MSA columns:
# 199-208
name=unknown_D
#
# <colnr> <probs for GDERKNQSTAVLIFYWHMCP>
#	G	D	E	R	K	N	Q	S	T	A	V	L	I	F	Y	W	H	M	C	P
0	0.00594	0.00450	0.00554	0.00581	0.00670	0.00426	0.00422	0.00799	0.06515	0.01362	0.27215	0.35308	0.17519	0.01098	0.00524	0.00157	0.00243	0.04744	0.00425	0.00395
1	0.00717	0.00499	0.00615	0.00565	0.00700	0.00468	0.00430	0.03381	0.04494	0.06131	0.59213	0.03137	0.16254	0.00872	0.00499	0.00137	0.00229	0.00757	0.00463	0.00439
2	0.01031	0.00661	0.00760	0.00659	0.00814	0.00673	0.00489	0.19335	0.03367	0.11839	0.09618	0.02443	0.07864	0.33456	0.01139	0.00248	0.00384	0.04373	0.00378	0.00470
3	0.01571	0.01138	0.01302	0.04089	0.01403	0.01246	0.03927	0.64511	0.06440	0.08289	0.01107	0.01107	0.00781	0.00513	0.00435	0.00132	0.00472	0.00401	0.00421	0.00714
4	0.00911	0.01044	0.14214	0.14019	0.10740	0.00850	0.09216	0.01270	0.07588	0.03296	0.08751	0.03836	0.01081	0.00489	0.00456	0.00126	0.03199	0.00433	0.00270	0.18211
5	0.00815	0.00460	0.00600	0.00609	0.00717	0.00414	0.00439	0.00923	0.00958	0.17674	0.08832	0.51457	0.12185	0.01115	0.00518	0.00160	0.00266	0.00990	0.00433	0.00434
6	0.00893	0.08880	0.04327	0.04809	0.06456	0.04661	0.00660	0.08116	0.03354	0.03273	0.20583	0.16854	0.04488	0.04724	0.00567	0.00151	0.03145	0.00640	0.02935	0.00484
7	0.00979	0.00716	0.00821	0.04055	0.00984	0.02688	0.00553	0.10381	0.07043	0.06508	0.21257	0.01821	0.01702	0.00578	0.00408	0.00114	0.00320	0.03204	0.12678	0.23191
8	0.10128	0.16784	0.26527	0.01055	0.09036	0.03589	0.02233	0.04303	0.00950	0.01396	0.05088	0.12557	0.01073	0.00559	0.00394	0.00130	0.00472	0.00455	0.02723	0.00548
9	0.31571	0.10265	0.06567	0.04257	0.03456	0.01018	0.00711	0.05501	0.00891	0.06132	0.00752	0.00884	0.00594	0.00442	0.00445	0.00124	0.09795	0.00293	0.02545	0.13759

[dist]
# distance from previous block
# <min> <max>
2	29

[block]
# block no. 4 follows, 61 sequences, length 34
# corresponding to MSA columns:
# 242-275
name=unknown_E
#
# <colnr> <probs for GDERKNQSTAVLIFYWHMCP>
#	G	D	E	R	K	N	Q	S	T	A	V	L	I	F	Y	W	H	M	C	P
0	0.03796	0.14666	0.09012	0.00854	0.01196	0.05680	0.04038	0.11248	0.04102	0.10540	0.00989	0.02911	0.00796	0.00618	0.04674	0.01938	0.00485	0.01715	0.00296	0.20444
1	0.17344	0.16492	0.16876	0.02377	0.01254	0.09079	0.03724	0.08282	0.02352	0.04529	0.04014	0.04671	0.04709	0.00508	0.00376	0.00126	0.00476	0.00386	0.00275	0.02151
2	0.03966	0.14258	0.04303	0.01730	0.03961	0.10290	0.01688	0.11513	0.01072	0.03913	0.00800	0.00942	0.00655	0.02629	0.00419	0.00105	0.02167	0.00299	0.00265	0.35025
3	0.18949	0.03764	0.16220	0.12819	0.06078	0.00973	0.17207	0.03906	0.02325	0.01493	0.02720	0.03951	0.00771	0.00452	0.00405	0.00134	0.00515	0.01300	0.00244	0.05774
4	0.00790	0.00844	0.12491	0.00735	0.00991	0.00621	0.02476	0.07182	0.02790	0.01491	0.20105	0.14037	0.07784	0.04798	0.00535	0.00142	0.00349	0.02299	0.00347	0.19193
5	0.00617	0.00520	0.03488	0.00582	0.00705	0.00443	0.00457	0.03733	0.01080	0.01449	0.35064	0.21543	0.22971	0.01022	0.00515	0.00150	0.00252	0.04584	0.00423	0.00403
6	0.00864	0.01146	0.21888	0.16197	0.03356	0.03024	0.06549	0.02695	0.00891	0.01278	0.03530	0.01362	0.03858	0.03487	0.05883	0.00186	0.12946	0.00419	0.09936	0.00507
7	0.00968	0.00987	0.01870	0.24837	0.26131	0.01028	0.30362	0.01265	0.00947	0.01302	0.00823	0.01130	0.00646	0.00405	0.00492	0.00140	0.03731	0.00429	0.01932	0.00575
8	0.00622	0.00417	0.00477	0.00481	0.00484	0.00418	0.00274	0.00629	0.00636	0.00850	0.01394	0.06191	0.01607	0.79292	0.04203	0.00415	0.00430	0.00647	0.00266	0.00268
9	0.87904	0.00833	0.00633	0.00566	0.00833	0.00966	0.00467	0.01266	0.00733	0.01933	0.00600	0.00700	0.00467	0.00400	0.00267	0.00133	0.00333	0.00233	0.00267	0.00467
10	0.00813	0.00766	0.01292	0.83826	0.02967	0.00957	0.01196	0.01101	0.00861	0.01101	0.00766	0.01148	0.00574	0.00431	0.00431	0.00144	0.00574	0.00383	0.00191	0.00479
11	0.00891	0.00889	0.02963	0.33629	0.03972	0.00957	0.24729	0.03784	0.00917	0.01245	0.00924	0.04960	0.00786	0.04539	0.03159	0.00176	0.07362	0.00471	0.03144	0.00503
12	0.00624	0.00417	0.00473	0.00475	0.00478	0.00416	0.00268	0.00631	0.00647	0.00865	0.03517	0.04696	0.01662	0.80729	0.02110	0.00405	0.00408	0.00644	0.00270	0.00267
13	0.02533	0.00805	0.00923	0.04062	0.01074	0.00812	0.00609	0.22874	0.07710	0.05483	0.09689	0.06024	0.05075	0.01976	0.00466	0.00124	0.02417	0.00478	0.05602	0.21263
14	0.00561	0.00418	0.00531	0.00580	0.00654	0.00376	0.00406	0.00666	0.00899	0.01206	0.11945	0.57667	0.12587	0.01192	0.00526	0.00160	0.00249	0.02997	0.00399	0.05980
15	0.06816	0.14070	0.08305	0.03341	0.27577	0.05176	0.02546	0.02476	0.01943	0.22222	0.00996	0.01070	0.00734	0.00431	0.00393	0.00125	0.00482	0.00356	0.00297	0.00643
16	0.03205	0.01205	0.20335	0.02258	0.01298	0.03162	0.00853	0.16024	0.02994	0.12984	0.01037	0.03650	0.00787	0.00459	0.00389	0.00114	0.00441	0.00363	0.03450	0.24992
17	0.60263	0.00885	0.00886	0.05512	0.01113	0.02874	0.06046	0.02915	0.03519	0.06526	0.00746	0.00853	0.00565	0.00421	0.00341	0.00133	0.02175	0.00289	0.00280	0.03659
18	0.05577	0.00779	0.03090	0.24491	0.06721	0.00850	0.04764	0.07802	0.03533	0.01389	0.02837	0.19756	0.01231	0.00682	0.00532	0.00148	0.07947	0.00579	0.06799	0.00491
19	0.16019	0.04443	0.03060	0.07769	0.01228	0.03711	0.02340	0.27474	0.06841	0.03478	0.00985	0.01103	0.00749	0.00544	0.00472	0.05761	0.01420	0.00360	0.11680	0.00560
20	0.00557	0.00425	0.00517	0.00548	0.00637	0.00377	0.00385	0.00662	0.00913	0.01205	0.12426	0.45835	0.23791	0.03368	0.00563	0.00162	0.00245	0.01009	0.00396	0.05979
21	0.02735	0.08845	0.44545	0.01241	0.06019	0.02572	0.09621	0.01530	0.14137	0.03284	0.00947	0.01047	0.00702	0.00432	0.00411	0.00134	0.00566	0.00362	0.00240	0.00630
22	0.01155	0.48521	0.21719	0.00944	0.02862	0.08438	0.00970	0.03842	0.00957	0.03879	0.00701	0.00802	0.00577	0.00405	0.00361	0.00110	0.02696	0.00274	0.00207	0.00581
23	0.00653	0.00494	0.00720	0.00706	0.00783	0.00583	0.00551	0.02002	0.00717	0.01045	0.01134	0.01657	0.01054	0.04028	0.74293	0.00637	0.05151	0.00457	0.02943	0.00393
24	0.27831	0.01915	0.02344	0.06671	0.01247	0.04167	0.00713	0.35412	0.03492	0.07153	0.00937	0.00992	0.00681	0.00471	0.00372	0.00130	0.00430	0.00339	0.04099	0.00606
25	0.00970	0.00540	0.00724	0.00714	0.00872	0.00504	0.00598	0.01146	0.01062	0.21360	0.10536	0.03711	0.10370	0.03774	0.00591	0.00178	0.00352	0.41093	0.00434	0.00473
26	0.00626	0.00418	0.00470	0.00470	0.00470	0.00418	0.00261	0.00626	0.00626	0.00835	0.01357	0.02819	0.01566	0.84862	0.02192	0.00418	0.00418	0.00626	0.00261	0.00261
27	0.00617	0.00457	0.00669	0.00669	0.00738	0.00526	0.00509	0.00754	0.00685	0.00983	0.01175	0.01810	0.01128	0.11794	0.74661	0.00663	0.01077	0.00479	0.00234	0.00372
28	0.00581	0.00438	0.00536	0.00514	0.00626	0.00394	0.00385	0.00756	0.01147	0.01562	0.59291	0.04831	0.25468	0.00946	0.00509	0.00139	0.00208	0.00822	0.00453	0.00394
29	0.87904	0.00833	0.00633	0.00566	0.00833	0.00966	0.00467	0.01266	0.00733	0.01933	0.00600	0.00700	0.00467	0.00400	0.00267	0.00133	0.00333	0.00233	0.00267	0.00467
30	0.25814	0.03021	0.02812	0.06826	0.05088	0.01019	0.24447	0.07804	0.01005	0.11131	0.00902	0.02671	0.00686	0.00451	0.00452	0.00139	0.04486	0.00396	0.00285	0.00567
31	0.01051	0.05065	0.59513	0.01141	0.01691	0.01093	0.01360	0.19567	0.01164	0.01665	0.00838	0.00942	0.00599	0.00434	0.00407	0.00132	0.00585	0.00332	0.01770	0.00651
32	0.65326	0.01081	0.13847	0.00790	0.03429	0.00983	0.03595	0.03150	0.00815	0.02749	0.00666	0.00777	0.00505	0.00404	0.00309	0.00134	0.00405	0.00267	0.00257	0.00513
33	0.01351	0.00708	0.00876	0.00722	0.00986	0.02300	0.00568	0.04750	0.04580	0.39806	0.03694	0.19464	0.01441	0.00681	0.00439	0.00130	0.00340	0.00580	0.00438	0.16144

[dist]
# distance from previous block
# <min> <max>
0	10

[block]
# block no. 5 follows, 61 sequences, length 10
# corresponding to MSA columns:
# 286-295
name=unknown_F
#
# <colnr> <probs for GDERKNQSTAVLIFYWHMCP>
#	G	D	E	R	K	N	Q	S	T	A	V	L	I	F	Y	W	H	M	C	P
0	0.01179	0.29628	0.07256	0.00842	0.01166	0.01233	0.00760	0.01862	0.39400	0.10415	0.01285	0.01230	0.00973	0.00493	0.00381	0.00126	0.00406	0.00382	0.00344	0.00640
1	0.00535	0.00382	0.00511	0.00611	0.00640	0.00358	0.00417	0.00617	0.00834	0.01111	0.02369	0.79908	0.02827	0.01340	0.00552	0.00176	0.00259	0.05799	0.00400	0.00353
2	0.01219	0.01022	0.01094	0.11868	0.01410	0.06565	0.00781	0.23088	0.37826	0.03920	0.01388	0.05650	0.01083	0.00575	0.00438	0.00140	0.00433	0.00470	0.00390	0.00640
3	0.01351	0.01586	0.01314	0.24964	0.01851	0.50413	0.05087	0.06144	0.01154	0.01182	0.00727	0.00919	0.00576	0.00440	0.00409	0.00123	0.00698	0.00326	0.00225	0.00511
4	0.00585	0.00400	0.00482	0.00523	0.00533	0.00390	0.00318	0.00616	0.00707	0.00943	0.01771	0.36089	0.02088	0.50879	0.01524	0.00319	0.00349	0.00870	0.00318	0.00297
5	0.00622	0.00448	0.00610	0.00705	0.00778	0.00435	0.00568	0.00770	0.00928	0.01212	0.02403	0.34925	0.05948	0.01246	0.00574	0.00187	0.00334	0.46528	0.00398	0.00378
6	0.00599	0.00428	0.00585	0.00684	0.00741	0.00414	0.00528	0.00727	0.00897	0.01182	0.02333	0.49820	0.02688	0.01280	0.00570	0.00185	0.00314	0.35256	0.00398	0.00370
7	0.29024	0.00909	0.00898	0.00780	0.01048	0.01031	0.00623	0.09757	0.41653	0.07959	0.01308	0.01249	0.00966	0.00515	0.00382	0.00139	0.00354	0.00392	0.00390	0.00622
8	0.00735	0.00374	0.00558	0.00563	0.00565	0.00373	0.00376	0.00563	0.00577	0.00769	0.00844	0.06190	0.00871	0.01488	0.01617	0.82351	0.00367	0.00424	0.00200	0.00197
9	0.01621	0.01529	0.01122	0.00968	0.01233	0.49584	0.00746	0.01818	0.05855	0.24083	0.01027	0.01027	0.00749	0.00469	0.00399	0.00116	0.00605	0.00332	0.00324	0.06393

[dist]
# distance from previous block
# <min> <max>
0	1

[block]
# block no. 6 follows, 61 sequences, length 105
# corresponding to MSA columns:
# 297-360,365-405
name=unknown_G
#
# <colnr> <probs for GDERKNQSTAVLIFYWHMCP>
#	G	D	E	R	K	N	Q	S	T	A	V	L	I	F	Y	W	H	M	C	P
0	0.28606	0.00926	0.03649	0.32890	0.08072	0.02371	0.07385	0.05092	0.00901	0.01502	0.00739	0.00982	0.00568	0.00426	0.00411	0.00139	0.03056	0.00342	0.01426	0.00515
1	0.00882	0.00632	0.00928	0.20331	0.04751	0.00676	0.08542	0.05293	0.00967	0.01515	0.01157	0.01401	0.00897	0.00467	0.00364	0.00118	0.00368	0.00406	0.49838	0.00467
2	0.01244	0.00934	0.01051	0.00790	0.01142	0.00888	0.00641	0.33203	0.02900	0.06450	0.02321	0.02128	0.00799	0.00439	0.00379	0.00098	0.00382	0.00344	0.00350	0.43519
3	0.00626	0.00418	0.00470	0.00470	0.00470	0.00418	0.00261	0.00626	0.00626	0.00835	0.01357	0.02819	0.01566	0.84862	0.02192	0.00418	0.00418	0.00626	0.00261	0.00261
4	0.02334	0.00789	0.00843	0.00702	0.00898	0.00853	0.00544	0.37533	0.02418	0.01938	0.01262	0.01632	0.02387	0.18368	0.02688	0.00196	0.00398	0.00451	0.23238	0.00527
5	0.01599	0.01183	0.01271	0.00981	0.01317	0.01311	0.00809	0.76717	0.04368	0.02652	0.01058	0.01065	0.00757	0.00576	0.02167	0.00142	0.00484	0.00392	0.00427	0.00724
6	0.00693	0.00412	0.00444	0.00444	0.00482	0.00412	0.00276	0.00769	0.00731	0.01126	0.01375	0.02362	0.01392	0.53053	0.01479	0.00298	0.00336	0.00542	0.33062	0.00314
7	0.01079	0.40017	0.01398	0.00679	0.00920	0.14109	0.00593	0.01230	0.00937	0.01219	0.00961	0.05097	0.00846	0.00472	0.00316	0.00102	0.00415	0.00342	0.28784	0.00485
8	0.00893	0.00766	0.00893	0.00638	0.01021	0.00574	0.00510	0.01085	0.00893	0.01404	0.00766	0.00893	0.00638	0.00319	0.00319	0.00064	0.00319	0.00255	0.00255	0.87495
9	0.01053	0.27476	0.16231	0.02450	0.07135	0.02459	0.00858	0.06644	0.02428	0.07544	0.14016	0.02553	0.04563	0.02305	0.00432	0.00128	0.00441	0.00429	0.00294	0.00563
10	0.01131	0.00959	0.01040	0.00963	0.04545	0.01097	0.00723	0.10493	0.69680	0.01881	0.01638	0.01524	0.01227	0.00569	0.00437	0.00144	0.00362	0.00472	0.00428	0.00687
