[name]
unknown

[dist]
# distance from previous block
# <min> <max>
0	75

[block]
# block no. 0 follows, 57 sequences, length 68
# corresponding to MSA columns:
# 77-144
name=unknown_A
#
# <colnr> <probs for GDERKNQSTAVLIFYWHMCP>
#	G	D	E	R	K	N	Q	S	T	A	V	L	I	F	Y	W	H	M	C	P
0	0.00942	0.03073	0.08203	0.02611	0.03722	0.00991	0.21486	0.03945	0.00994	0.01369	0.01334	0.04486	0.01310	0.00812	0.01849	0.00185	0.17718	0.24151	0.00289	0.00530
1	0.05073	0.23612	0.38427	0.01140	0.04953	0.01314	0.01217	0.16357	0.01166	0.01638	0.00811	0.00918	0.00616	0.00439	0.00392	0.00129	0.00568	0.00323	0.00247	0.00660
2	0.01008	0.30481	0.53106	0.01102	0.01665	0.01296	0.01344	0.01398	0.00950	0.01315	0.02098	0.00919	0.00639	0.00424	0.00384	0.00127	0.00598	0.00311	0.00197	0.00635
3	0.00856	0.00805	0.01359	0.82986	0.03121	0.01007	0.01258	0.01158	0.00906	0.01158	0.00805	0.01208	0.00604	0.00453	0.00453	0.00151	0.00604	0.00403	0.00201	0.00503
4	0.00657	0.00449	0.00542	0.00542	0.00559	0.00466	0.00335	0.00690	0.00673	0.00914	0.01384	0.02721	0.01541	0.67436	0.18800	0.00499	0.00599	0.00623	0.00268	0.00301
5	0.01596	0.00686	0.00920	0.00738	0.01013	0.00607	0.00596	0.03313	0.01309	0.55309	0.26318	0.02104	0.02092	0.00674	0.00480	0.00141	0.00335	0.00567	0.00540	0.00665
6	0.00659	0.00439	0.00494	0.00494	0.00494	0.00439	0.00275	0.00659	0.00659	0.00879	0.01428	0.02965	0.01647	0.84075	0.02306	0.00439	0.00439	0.00659	0.00275	0.00275
7	0.00582	0.00459	0.00530	0.00574	0.00670	0.00422	0.00406	0.00754	0.05806	0.01248	0.05408	0.42698	0.36319	0.01241	0.00552	0.00168	0.00253	0.01087	0.00425	0.00397
8	0.01812	0.00806	0.01037	0.00823	0.01148	0.00755	0.00670	0.03684	0.15689	0.62710	0.04634	0.01627	0.01276	0.00583	0.00459	0.00143	0.00377	0.00478	0.00538	0.00749
9	0.00922	0.05816	0.78367	0.01270	0.01927	0.01084	0.01636	0.01432	0.00955	0.01419	0.00805	0.00947	0.00574	0.00429	0.00425	0.00142	0.00662	0.00331	0.00191	0.00666
10	0.00787	0.00394	0.00590	0.00590	0.00590	0.00394	0.00394	0.00590	0.00590	0.00787	0.00787	0.01377	0.00787	0.01574	0.01771	0.86816	0.00394	0.00394	0.00197	0.00197
11	0.00649	0.00480	0.00701	0.00701	0.00773	0.00552	0.00533	0.00792	0.00720	0.01032	0.01238	0.01916	0.01192	0.12653	0.73105	0.00695	0.01125	0.00505	0.00246	0.00390
12	0.01211	0.84348	0.02374	0.00775	0.01163	0.01793	0.00775	0.01357	0.00921	0.01066	0.00630	0.00727	0.00582	0.00388	0.00291	0.00097	0.00485	0.00242	0.00194	0.00582
13	0.01003	0.00841	0.01052	0.00755	0.01159	0.00659	0.05002	0.03369	0.00991	0.04000	0.00850	0.00978	0.00689	0.00351	0.00354	0.00076	0.00366	0.00293	0.00280	0.76932
14	0.01503	0.01627	0.01220	0.01080	0.01320	0.44371	0.00838	0.13127	0.17931	0.02719	0.01078	0.01241	0.00872	0.00562	0.00497	0.00136	0.05294	0.03662	0.00324	0.00598
15	0.02027	0.00782	0.01058	0.00811	0.01162	0.00681	0.00670	0.03819	0.01314	0.79927	0.01773	0.01533	0.01114	0.00560	0.00456	0.00140	0.00388	0.00455	0.00559	0.00771
16	0.05014	0.01037	0.01197	0.00923	0.01276	0.01072	0.00762	0.42393	0.03296	0.36194	0.01383	0.01280	0.00921	0.00548	0.00448	0.00138	0.00442	0.00424	0.00493	0.00759
17	0.00551	0.00397	0.00523	0.00624	0.00655	0.00369	0.00418	0.00632	0.00874	0.01159	0.02583	0.80543	0.06178	0.01409	0.00577	0.00183	0.00262	0.01275	0.00421	0.00369
18	0.00638	0.00491	0.00729	0.00718	0.00784	0.00468	0.07775	0.00735	0.00852	0.01143	0.05373	0.48246	0.02445	0.23108	0.02118	0.00255	0.00371	0.03016	0.00365	0.00370
19	0.00856	0.00805	0.01359	0.82986	0.03121	0.01007	0.01258	0.01158	0.00906	0.01158	0.00805	0.01208	0.00604	0.00453	0.00453	0.00151	0.00604	0.00403	0.00201	0.00503
20	0.00874	0.00835	0.01445	0.76576	0.04825	0.01016	0.05723	0.01180	0.00918	0.01182	0.00813	0.01207	0.00611	0.00448	0.00458	0.00151	0.00612	0.00410	0.00203	0.00514
21	0.00648	0.00481	0.00708	0.00708	0.00781	0.00555	0.00541	0.00796	0.00722	0.01037	0.01233	0.01885	0.01178	0.10534	0.75206	0.00703	0.01145	0.00501	0.00246	0.00393
22	0.00977	0.03823	0.35746	0.01548	0.02069	0.01080	0.40351	0.01396	0.01007	0.01418	0.00955	0.05747	0.00767	0.00461	0.00487	0.00149	0.00689	0.00486	0.00223	0.00621
23	0.00552	0.00394	0.00526	0.00631	0.00657	0.00368	0.00421	0.00631	0.00868	0.01157	0.02498	0.83779	0.02997	0.01420	0.00578	0.00184	0.00263	0.01288	0.00421	0.00368
24	0.00633	0.00482	0.00554	0.00621	0.00651	0.03729	0.00408	0.00695	0.00832	0.01084	0.02127	0.55998	0.02517	0.24103	0.01048	0.00252	0.00338	0.03205	0.00373	0.00350
25	0.00653	0.00462	0.00610	0.00610	0.00651	0.00502	0.00420	0.00734	0.00693	0.00965	0.01321	0.02376	0.01392	0.43991	0.42041	0.00583	0.00824	0.00573	0.00259	0.00339
26	0.00647	0.00485	0.00728	0.00728	0.00809	0.00566	0.00566	0.00809	0.00728	0.01052	0.01214	0.01780	0.01133	0.03398	0.82279	0.00728	0.01214	0.00485	0.00243	0.00405
27	0.00925	0.00793	0.00916	0.00669	0.01052	0.00613	0.00533	0.01165	0.04184	0.01479	0.01061	0.01163	0.05228	0.00393	0.00352	0.00075	0.00331	0.00317	0.00285	0.78466
28	0.17287	0.01044	0.04297	0.05490	0.46912	0.01057	0.02301	0.01424	0.06345	0.02567	0.02975	0.01146	0.00803	0.00456	0.00465	0.00141	0.03994	0.00392	0.00259	0.00646
29	0.01211	0.84348	0.02374	0.00775	0.01163	0.01793	0.00775	0.01357	0.00921	0.01066	0.00630	0.00727	0.00582	0.00388	0.00291	0.00097	0.00485	0.00242	0.00194	0.00582
30	0.74488	0.00962	0.00767	0.00674	0.00946	0.04567	0.00552	0.06324	0.00876	0.02005	0.00661	0.00773	0.00517	0.00446	0.00348	0.00141	0.03890	0.00264	0.00286	0.00510
31	0.01688	0.01252	0.01341	0.01036	0.01392	0.01389	0.00853	0.75280	0.06644	0.02800	0.01132	0.01123	0.00806	0.00548	0.00454	0.00137	0.00491	0.00414	0.00454	0.00768
32	0.00639	0.00465	0.00603	0.00572	0.00681	0.00428	0.00432	0.00848	0.01266	0.01779	0.75654	0.03472	0.07565	0.00944	0.00537	0.00145	0.00220	0.02832	0.00493	0.00425
33	0.00909	0.02344	0.81727	0.01292	0.01961	0.01052	0.01674	0.01435	0.00957	0.01435	0.00813	0.00957	0.00574	0.00431	0.00431	0.00144	0.00670	0.00335	0.00191	0.00670
34	0.00730	0.00522	0.00730	0.00835	0.00939	0.00522	0.00730	0.00939	0.01043	0.01356	0.02399	0.05111	0.02608	0.01252	0.00626	0.00209	0.00417	0.78199	0.00417	0.00417
35	0.00777	0.00595	0.00789	0.00733	0.00764	0.00710	0.00536	0.00848	0.00704	0.03295	0.01180	0.02137	0.01243	0.40564	0.22657	0.00446	0.20845	0.00544	0.00256	0.00376
36	0.01390	0.82076	0.02463	0.00902	0.01296	0.01870	0.00851	0.01483	0.01040	0.01249	0.00822	0.00990	0.00760	0.00513	0.00375	0.00132	0.00546	0.00307	0.00259	0.00676
37	0.00644	0.00462	0.00599	0.00592	0.00695	0.00430	0.00450	0.00841	0.01203	0.01684	0.60561	0.09768	0.07992	0.00998	0.00541	0.00152	0.00239	0.08773	0.02956	0.00419
38	0.01122	0.01077	0.01839	0.02781	0.81248	0.01077	0.01391	0.01391	0.01032	0.01480	0.00852	0.01122	0.00718	0.00404	0.00449	0.00135	0.00538	0.00404	0.00224	0.00718
39	0.01672	0.02103	0.01274	0.01155	0.01389	0.78549	0.00869	0.03720	0.01293	0.01151	0.00721	0.00844	0.00600	0.00530	0.02117	0.00130	0.00818	0.00299	0.00239	0.00529
40	0.00992	0.01044	0.01917	0.20807	0.02137	0.01197	0.33836	0.01257	0.00901	0.01257	0.00779	0.01139	0.00636	0.00541	0.00846	0.00168	0.29334	0.00456	0.00212	0.00546
41	0.00864	0.00794	0.01322	0.72607	0.07335	0.00970	0.01198	0.01151	0.00907	0.01189	0.00854	0.01277	0.00665	0.03049	0.00505	0.00157	0.00580	0.00411	0.03659	0.00505
42	0.00909	0.00779	0.00914	0.06715	0.05637	0.00851	0.00681	0.01648	0.41110	0.01643	0.11303	0.04115	0.17505	0.00772	0.00491	0.00154	0.00344	0.03421	0.00423	0.00585
43	0.00658	0.00442	0.00507	0.00507	0.00512	0.00446	0.00291	0.00667	0.00663	0.00888	0.01416	0.02899	0.01618	0.79532	0.06810	0.00456	0.00483	0.00649	0.00273	0.00282
44	0.00552	0.00394	0.00526	0.00631	0.00657	0.00368	0.00421	0.00631	0.00868	0.01157	0.02498	0.83779	0.02997	0.01420	0.00578	0.00184	0.00263	0.01288	0.00421	0.00368
45	0.01037	0.01026	0.01574	0.40377	0.38843	0.06810	0.01292	0.01311	0.00991	0.01302	0.00819	0.01141	0.00655	0.00431	0.00448	0.00141	0.00589	0.00395	0.00214	0.00603
46	0.00856	0.00805	0.01359	0.82986	0.03121	0.01007	0.01258	0.01158	0.00906	0.01158	0.00805	0.01208	0.00604	0.00453	0.00453	0.00151	0.00604	0.00403	0.00201	0.00503
47	0.01099	0.00949	0.00998	0.00900	0.01151	0.01091	0.00699	0.02324	0.76627	0.01863	0.01976	0.01819	0.05200	0.00640	0.00465	0.00154	0.00352	0.00534	0.00459	0.00701
48	0.01081	0.01037	0.01785	0.06274	0.70136	0.01041	0.04523	0.01354	0.01041	0.01483	0.05172	0.01252	0.00903	0.00433	0.00457	0.00136	0.00533	0.00431	0.00238	0.00688
49	0.00657	0.00480	0.00704	0.00706	0.00786	0.00553	0.00546	0.00818	0.00742	0.01087	0.01253	0.03118	0.01172	0.04430	0.75129	0.00680	0.01130	0.00498	0.05109	0.00403
50	0.04768	0.56854	0.25486	0.00919	0.01384	0.01544	0.01026	0.01379	0.00925	0.01215	0.00684	0.00794	0.00575	0.00402	0.00331	0.00112	0.00533	0.00269	0.00197	0.00603
51	0.03080	0.44885	0.17374	0.00944	0.01369	0.06981	0.00962	0.14891	0.01166	0.03462	0.00777	0.00860	0.00624	0.00433	0.00357	0.00116	0.00540	0.00297	0.00252	0.00630
52	0.00558	0.00412	0.00522	0.00595	0.00651	0.00377	0.00408	0.00657	0.00938	0.01235	0.10841	0.61974	0.16525	0.01323	0.00567	0.00174	0.00252	0.01184	0.00429	0.00377
53	0.01044	0.01086	0.01438	0.15594	0.01616	0.09807	0.06188	0.01201	0.00823	0.01140	0.00682	0.01040	0.00613	0.00667	0.01106	0.00177	0.52974	0.00396	0.01903	0.00506
54	0.00805	0.00780	0.02948	0.01182	0.06530	0.00700	0.25175	0.01008	0.00939	0.01289	0.01631	0.35937	0.01763	0.06778	0.00655	0.00178	0.00468	0.02558	0.00319	0.08357
55	0.00952	0.07096	0.62062	0.04870	0.07623	0.01104	0.07260	0.01417	0.00966	0.01405	0.00812	0.00984	0.00594	0.00423	0.00432	0.00141	0.00653	0.00352	0.00197	0.00656
56	0.01207	0.82679	0.02355	0.00784	0.01164	0.01785	0.00780	0.01352	0.00916	0.01067	0.00629	0.00732	0.00582	0.00396	0.00315	0.00099	0.02141	0.00245	0.00194	0.00580
57	0.00555	0.00396	0.00525	0.00627	0.00652	0.00370	0.00416	0.00632	0.00861	0.01148	0.02464	0.81270	0.02955	0.03986	0.00632	0.00192	0.00268	0.01269	0.00416	0.00365
58	0.00853	0.00584	0.00650	0.00642	0.00665	0.00562	0.00382	0.00814	0.00790	0.01077	0.01584	0.03094	0.01765	0.77008	0.07076	0.00482	0.00548	0.00701	0.00336	0.00386
59	0.00611	0.00467	0.00563	0.00538	0.00664	0.00415	0.00403	0.00789	0.01184	0.01601	0.52628	0.05875	0.28826	0.00999	0.00532	0.00145	0.00223	0.00865	0.00467	0.02205
60	0.83769	0.04278	0.00736	0.00603	0.00888	0.01048	0.00502	0.01333	0.00777	0.01994	0.00631	0.00736	0.00494	0.00419	0.00281	0.00138	0.00356	0.00245	0.00277	0.00494
61	0.01762	0.02159	0.01336	0.01209	0.01453	0.77829	0.00905	0.05238	0.01366	0.01259	0.00795	0.00936	0.00665	0.00521	0.00444	0.00132	0.00825	0.00323	0.00269	0.00575
62	0.00985	0.00937	0.01592	0.44087	0.41013	0.01041	0.01323	0.01271	0.00967	0.01314	0.00828	0.01166	0.00659	0.00429	0.00451	0.00143	0.00572	0.00403	0.00212	0.00607
63	0.00616	0.00459	0.00573	0.00552	0.00663	0.00416	0.00411	0.00803	0.01212	0.01667	0.62030	0.08098	0.18832	0.00996	0.00537	0.00147	0.00220	0.00872	0.00480	0.00416
64	0.01480	0.01748	0.01175	0.01069	0.01302	0.55957	0.00809	0.01910	0.22543	0.01323	0.01146	0.01189	0.03422	0.00594	0.02261	0.00142	0.00684	0.00377	0.00301	0.00570
65	0.00654	0.00471	0.00581	0.00549	0.00674	0.00423	0.00413	0.00842	0.01219	0.03960	0.59278	0.03580	0.23732	0.00972	0.00532	0.00145	0.00223	0.00844	0.00481	0.00426
66	0.00659	0.00439	0.00494	0.00494	0.00494	0.00439	0.00275	0.00659	0.00659	0.00879	0.01428	0.02965	0.01647	0.84075	0.02306	0.00439	0.00439	0.00659	0.00275	0.00275
67	0.01689	0.01244	0.01336	0.01031	0.01384	0.01375	0.00849	0.77463	0.02094	0.02807	0.01128	0.03466	0.00835	0.00569	0.00457	0.00137	0.00492	0.00433	0.00452	0.00759

[dist]
# distance from previous block
# <min> <max>
0	1

[block]
# block no. 1 follows, 57 sequences, length 111
# corresponding to MSA columns:
# 146-256
name=unknown_B
#
# <colnr> <probs for GDERKNQSTAVLIFYWHMCP>
#	G	D	E	R	K	N	Q	S	T	A	V	L	I	F	Y	W	H	M	C	P
0	0.01055	0.02996	0.02384	0.01726	0.02082	0.01213	0.60550	0.01370	0.00983	0.01363	0.00840	0.01161	0.00665	0.00473	0.00739	0.00162	0.18934	0.00498	0.00222	0.00585
1	0.00552	0.00396	0.00524	0.00627	0.00656	0.00368	0.00419	0.00631	0.00871	0.01158	0.02543	0.82036	0.04710	0.01414	0.00577	0.00183	0.00262	0.01281	0.00421	0.00368
2	0.01229	0.02597	0.03195	0.01060	0.03707	0.29415	0.00824	0.06437	0.04185	0.02773	0.17466	0.02526	0.01478	0.00670	0.00683	0.00147	0.18619	0.02145	0.00313	0.00532
3	0.00554	0.00402	0.00524	0.00616	0.00655	0.00371	0.00415	0.00641	0.00895	0.01186	0.05561	0.74760	0.08987	0.01381	0.00573	0.00180	0.00259	0.01246	0.00424	0.00371
4	0.00589	0.00473	0.00527	0.00518	0.00653	0.00419	0.00386	0.00769	0.03528	0.01432	0.29034	0.08076	0.49836	0.01074	0.00535	0.00151	0.00230	0.00916	0.00447	0.00407
5	0.10407	0.68007	0.08119	0.00799	0.01196	0.01649	0.00814	0.02555	0.00926	0.01224	0.00651	0.00751	0.00574	0.00397	0.00303	0.00106	0.00484	0.00252	0.00207	0.00581
6	0.00647	0.00485	0.00728	0.00728	0.00809	0.00566	0.00566	0.00809	0.00728	0.01052	0.01214	0.01780	0.01133	0.03398	0.82279	0.00728	0.01214	0.00485	0.00243	0.00405
7	0.79651	0.00867	0.00700	0.00615	0.00901	0.00985	0.00506	0.01410	0.00818	0.09147	0.00734	0.00808	0.00547	0.00433	0.00296	0.00140	0.00354	0.00264	0.00306	0.00516
8	0.01217	0.79385	0.02297	0.00789	0.01164	0.04823	0.00775	0.01362	0.00930	0.01067	0.00645	0.00753	0.00594	0.00457	0.02095	0.00112	0.00513	0.00250	0.00196	0.00575
9	0.01043	0.01169	0.02478	0.01794	0.02202	0.01127	0.69934	0.01390	0.01033	0.01415	0.00952	0.04339	0.00768	0.00450	0.00602	0.00156	0.06676	0.00550	0.00235	0.01687
10	0.00648	0.00481	0.00706	0.00706	0.00779	0.00554	0.00538	0.00795	0.00722	0.01035	0.01234	0.01895	0.01183	0.11207	0.74539	0.00700	0.01139	0.00502	0.00246	0.00392
11	0.01127	0.00973	0.01025	0.00922	0.01178	0.01127	0.00717	0.02408	0.80430	0.01896	0.01844	0.01691	0.01383	0.00615	0.00461	0.00154	0.00359	0.00512	0.00461	0.00717
12	0.05113	0.00850	0.01082	0.02073	0.01210	0.00800	0.00696	0.12548	0.04310	0.63905	0.01638	0.01452	0.01053	0.00554	0.00449	0.00140	0.00402	0.00443	0.00527	0.00755
13	0.03395	0.01360	0.01314	0.42389	0.02246	0.32636	0.01063	0.04409	0.01087	0.01223	0.00762	0.01030	0.00599	0.00476	0.00477	0.00139	0.04293	0.00356	0.00225	0.00521
14	0.01066	0.01062	0.01950	0.07296	0.51739	0.01054	0.21042	0.01362	0.01041	0.01458	0.03039	0.01350	0.00863	0.00444	0.00479	0.00143	0.00586	0.03129	0.00238	0.00660
15	0.00556	0.00400	0.00529	0.00630	0.00663	0.00372	0.00426	0.00639	0.00878	0.01164	0.02568	0.79021	0.05718	0.01406	0.00578	0.00184	0.00266	0.03212	0.00421	0.00370
16	0.83098	0.00854	0.00654	0.00588	0.00859	0.00988	0.00482	0.01319	0.00780	0.02016	0.00672	0.00782	0.00523	0.00426	0.00282	0.00139	0.00344	0.00254	0.04452	0.00487
17	0.05783	0.01257	0.01299	0.01009	0.01358	0.04034	0.00830	0.71190	0.02007	0.02713	0.01151	0.01154	0.03000	0.00552	0.00446	0.00136	0.00495	0.00412	0.00437	0.00738
18	0.00981	0.00963	0.03849	0.39239	0.38554	0.01016	0.02510	0.01272	0.00969	0.01341	0.00858	0.01183	0.00681	0.00432	0.00446	0.00141	0.00561	0.00404	0.03997	0.00604
19	0.01103	0.01055	0.01777	0.02666	0.76905	0.01056	0.01343	0.01390	0.02812	0.01482	0.00993	0.01237	0.03272	0.00432	0.00452	0.00136	0.00525	0.00424	0.00236	0.00707
20	0.00915	0.02302	0.78803	0.01314	0.01976	0.01056	0.04556	0.01436	0.00961	0.01436	0.00817	0.00967	0.00578	0.00429	0.00434	0.00144	0.00673	0.00342	0.00193	0.00668
21	0.00946	0.00898	0.01523	0.55686	0.29714	0.01031	0.01303	0.01237	0.00949	0.01268	0.00821	0.01179	0.00643	0.00436	0.00452	0.00145	0.00582	0.00403	0.00209	0.00576
22	0.01127	0.00973	0.01025	0.00922	0.01178	0.01127	0.00717	0.02408	0.80430	0.01896	0.01844	0.01691	0.01383	0.00615	0.00461	0.00154	0.00359	0.00512	0.00461	0.00717
23	0.00555	0.00396	0.00525	0.00627	0.00652	0.00370	0.00416	0.00632	0.00861	0.01148	0.02464	0.81226	0.02954	0.04032	0.00633	0.00192	0.00268	0.01268	0.00416	0.00365
24	0.07097	0.00777	0.01029	0.00794	0.01140	0.00687	0.00656	0.02156	0.01266	0.76838	0.01719	0.01494	0.01084	0.00553	0.00445	0.00140	0.00383	0.00443	0.00544	0.00755
25	0.00582	0.00420	0.00557	0.00653	0.00701	0.00395	0.00467	0.00687	0.00914	0.01207	0.04353	0.65061	0.07114	0.01367	0.00583	0.00185	0.00285	0.13669	0.00422	0.00378
26	0.00547	0.00449	0.00482	0.00496	0.00625	0.00384	0.00364	0.00664	0.01027	0.01263	0.10693	0.16999	0.62092	0.01173	0.00542	0.00157	0.00234	0.00998	0.00427	0.00384
27	0.01122	0.01077	0.01839	0.02781	0.81248	0.01077	0.01391	0.01391	0.01032	0.01480	0.00852	0.01122	0.00718	0.00404	0.00449	0.00135	0.00538	0.00404	0.00224	0.00718
28	0.00940	0.00805	0.00940	0.00671	0.01074	0.00604	0.00537	0.01141	0.00940	0.01477	0.00805	0.00940	0.00671	0.00336	0.00336	0.00067	0.00336	0.00268	0.00268	0.86845
29	0.01207	0.83189	0.03495	0.00783	0.01174	0.01783	0.00788	0.01358	0.00921	0.01071	0.00633	0.00730	0.00581	0.00388	0.00293	0.00098	0.00487	0.00244	0.00194	0.00583
30	0.04939	0.00714	0.00941	0.00755	0.01045	0.00640	0.00615	0.03357	0.01283	0.58163	0.18207	0.01987	0.01789	0.00651	0.00470	0.00143	0.00352	0.02739	0.00531	0.00679
31	0.01984	0.00488	0.00615	0.00597	0.00719	0.00451	0.00452	0.00910	0.02189	0.06477	0.47636	0.14290	0.14833	0.01011	0.00537	0.00154	0.00249	0.05499	0.00472	0.00438
32	0.03124	0.01012	0.01065	0.04004	0.01242	0.04839	0.00721	0.24404	0.28116	0.04668	0.01509	0.08258	0.03169	0.00624	0.00448	0.00138	0.00415	0.00508	0.01773	0.09961
33	0.01091	0.01047	0.01777	0.10607	0.70924	0.01080	0.01364	0.01358	0.01008	0.01436	0.00839	0.01126	0.00703	0.00421	0.00483	0.00138	0.03282	0.00403	0.00221	0.00689
34	0.00937	0.00533	0.00664	0.00629	0.00799	0.00471	0.00491	0.01085	0.01104	0.20724	0.12725	0.15711	0.30809	0.01033	0.00534	0.00160	0.00293	0.10351	0.00464	0.00484
35	0.87276	0.00876	0.00666	0.00596	0.00876	0.01017	0.00491	0.01332	0.00771	0.02033	0.00631	0.00736	0.00491	0.00421	0.00280	0.00140	0.00351	0.00245	0.00280	0.00491
36	0.01142	0.37979	0.38254	0.01032	0.01543	0.02692	0.01186	0.05907	0.01026	0.04314	0.00783	0.00883	0.00609	0.00424	0.00371	0.00122	0.00571	0.00302	0.00222	0.00638
37	0.00578	0.00457	0.00500	0.00501	0.00632	0.00394	0.00369	0.00704	0.01053	0.02332	0.17629	0.12243	0.56393	0.03452	0.00588	0.00162	0.00238	0.00952	0.00432	0.00391
38	0.00554	0.00442	0.00478	0.00501	0.00608	0.00386	0.00353	0.00647	0.00951	0.01167	0.03741	0.21779	0.54085	0.11327	0.00761	0.00195	0.00263	0.00994	0.00403	0.00366
39	0.01008	0.19252	0.47431	0.01322	0.01885	0.01228	0.18926	0.01422	0.00974	0.01362	0.00798	0.00968	0.00601	0.00411	0.00425	0.00136	0.00652	0.00360	0.00200	0.00638
40	0.00784	0.00555	0.00677	0.00699	0.00837	0.00538	0.00559	0.04822	0.05714	0.05963	0.02917	0.20275	0.24966	0.01144	0.00562	0.00177	0.00331	0.27596	0.00431	0.00452
41	0.00566	0.00474	0.00495	0.00490	0.00640	0.00410	0.00370	0.00724	0.03161	0.01309	0.12895	0.04195	0.69180	0.01111	0.00535	0.00153	0.00234	0.02231	0.00430	0.00397
42	0.02822	0.00971	0.00869	0.00823	0.00972	0.22393	0.01940	0.02184	0.04000	0.01194	0.01674	0.07939	0.12791	0.01835	0.33740	0.00378	0.00809	0.00557	0.01655	0.00453
43	0.01376	0.25062	0.02791	0.03228	0.21527	0.14589	0.03988	0.17041	0.01265	0.03850	0.00839	0.00968	0.00674	0.00442	0.00401	0.00123	0.00568	0.00346	0.00271	0.00650
44	0.01903	0.00938	0.01162	0.02717	0.01284	0.00921	0.00745	0.28109	0.01567	0.53452	0.01532	0.01383	0.00993	0.00553	0.00455	0.00139	0.00428	0.00439	0.00517	0.00765
45	0.53124	0.01315	0.00932	0.00867	0.03359	0.27685	0.00660	0.03582	0.00982	0.01722	0.00672	0.00787	0.00537	0.00444	0.00351	0.00133	0.01793	0.00272	0.00267	0.00516
46	0.00600	0.00415	0.00512	0.00569	0.00584	0.00400	0.00355	0.00644	0.00773	0.01031	0.02015	0.47318	0.02388	0.38712	0.01358	0.00299	0.00342	0.01004	0.00355	0.00326
47	0.00877	0.00745	0.00823	0.00813	0.03603	0.00796	0.00611	0.01596	0.40911	0.01605	0.05523	0.02960	0.27183	0.00859	0.00505	0.00158	0.00324	0.09104	0.00437	0.00567
48	0.00579	0.00456	0.00523	0.00516	0.00641	0.00400	0.00383	0.00731	0.01121	0.01457	0.35037	0.09761	0.44625	0.01079	0.00538	0.00151	0.00226	0.00926	0.00452	0.00400
49	0.01145	0.00974	0.01026	0.00912	0.01172	0.01117	0.00713	0.07605	0.72037	0.01935	0.01899	0.01753	0.04414	0.00630	0.00463	0.00152	0.00363	0.00522	0.00459	0.00708
50	0.01143	0.01118	0.01818	0.02720	0.78203	0.04172	0.01371	0.01407	0.01041	0.01466	0.00847	0.01110	0.00713	0.00406	0.00447	0.00134	0.00549	0.00399	0.00225	0.00710
51	0.01603	0.00662	0.00899	0.00755	0.01012	0.00579	0.00595	0.01750	0.01172	0.58208	0.01994	0.25428	0.01666	0.00810	0.00491	0.00153	0.00350	0.00697	0.00520	0.00654
52	0.01104	0.01057	0.01794	0.08063	0.74725	0.01073	0.01371	0.01392	0.02361	0.01466	0.00866	0.01137	0.00721	0.00411	0.00449	0.00136	0.00540	0.00406	0.00227	0.00704
53	0.00730	0.00522	0.00730	0.00835	0.00939	0.00522	0.00730	0.00939	0.01043	0.01356	0.02399	0.05111	0.02608	0.01252	0.00626	0.00209	0.00417	0.78199	0.00417	0.00417
54	0.00927	0.00731	0.00863	0.00844	0.01022	0.00794	0.00691	0.05697	0.32432	0.01712	0.12882	0.03312	0.02256	0.00918	0.00539	0.00174	0.00371	0.32832	0.00448	0.00556
55	0.00925	0.00826	0.01246	0.04041	0.28887	0.02228	0.05641	0.01289	0.11730	0.01470	0.06449	0.15582	0.03043	0.00767	0.00504	0.00157	0.00438	0.11452	0.02755	0.00570
56	0.00558	0.00399	0.00532	0.00634	0.00664	0.00373	0.00428	0.00643	0.00882	0.01178	0.04471	0.80053	0.03021	0.01404	0.00578	0.00184	0.00265	0.02942	0.00423	0.00371
57	0.01481	0.01149	0.01224	0.00994	0.01313	0.01292	0.00803	0.48350	0.33911	0.02466	0.01395	0.01333	0.01019	0.00573	0.00456	0.00143	0.00442	0.00450	0.00456	0.00749
58	0.03387	0.00649	0.01022	0.45730	0.01997	0.00766	0.00876	0.02307	0.00805	0.01088	0.00817	0.01270	0.00688	0.00879	0.00942	0.32860	0.00504	0.00395	0.02626	0.00390
59	0.05046	0.01179	0.03384	0.03358	0.48964	0.04991	0.01177	0.18545	0.05802	0.01804	0.00942	0.01113	0.00746	0.00451	0.00441	0.00136	0.00528	0.00397	0.00290	0.00706
60	0.00975	0.01883	0.49218	0.01546	0.02129	0.01091	0.33721	0.01442	0.01003	0.01442	0.00856	0.01066	0.00621	0.00411	0.00473	0.00147	0.00708	0.00417	0.00207	0.00646
61	0.02033	0.00771	0.01052	0.00806	0.01157	0.00666	0.00666	0.02208	0.01297	0.81562	0.01788	0.01542	0.01122	0.00561	0.00456	0.00140	0.00386	0.00456	0.00561	0.00771
62	0.01442	0.00774	0.03236	0.00828	0.01098	0.00710	0.00696	0.01835	0.16040	0.41247	0.02027	0.05905	0.04344	0.00770	0.00500	0.00160	0.00385	0.16859	0.00491	0.00653
63	0.01211	0.84348	0.02374	0.00775	0.01163	0.01793	0.00775	0.01357	0.00921	0.01066	0.00630	0.00727	0.00582	0.00388	0.00291	0.00097	0.00485	0.00242	0.00194	0.00582
64	0.00655	0.00437	0.00496	0.00500	0.00501	0.00436	0.00281	0.00658	0.00668	0.00890	0.01472	0.06308	0.01703	0.80657	0.02235	0.00429	0.00432	0.00685	0.00281	0.00278
65	0.00756	0.00646	0.00936	0.00874	0.00929	0.00826	0.00700	0.00896	0.00719	0.01066	0.01034	0.02672	0.00987	0.02539	0.55348	0.00551	0.27389	0.00468	0.00231	0.00433
66	0.01113	0.00664	0.00799	0.00713	0.00909	0.03431	0.00568	0.03097	0.06469	0.23261	0.34867	0.02915	0.08172	0.00838	0.00513	0.00150	0.00323	0.10165	0.00487	0.00546
67	0.01046	0.39551	0.45723	0.01057	0.01599	0.01388	0.01266	0.01400	0.00940	0.01268	0.00730	0.00852	0.00577	0.00411	0.00367	0.00122	0.00586	0.00293	0.00192	0.00630
68	0.00991	0.00991	0.01388	0.01190	0.01190	0.01388	0.00991	0.01091	0.00694	0.01091	0.00595	0.00991	0.00595	0.00793	0.01487	0.00198	0.83246	0.00397	0.00198	0.00496
69	0.01027	0.01140	0.02378	0.04848	0.02184	0.01128	0.64198	0.01360	0.01013	0.01387	0.00957	0.05342	0.00790	0.00481	0.00636	0.00159	0.09602	0.00553	0.00234	0.00582
70	0.03272	0.01169	0.01283	0.00992	0.01346	0.01268	0.00817	0.62379	0.05765	0.15195	0.01227	0.01182	0.00851	0.00548	0.00451	0.00138	0.00471	0.00418	0.00468	0.00763
71	0.01061	0.01014	0.01729	0.21191	0.63316	0.01061	0.01360	0.01337	0.01003	0.01406	0.00842	0.01141	0.00692	0.00415	0.00450	0.00138	0.00553	0.00404	0.00219	0.00669
72	0.01120	0.00914	0.01036	0.00763	0.01151	0.00801	0.00615	0.18596	0.04143	0.01798	0.00906	0.01000	0.00720	0.00392	0.00366	0.00086	0.00373	0.00308	0.00317	0.64595
73	0.00677	0.00458	0.00531	0.00526	0.00540	0.00467	0.00312	0.02200	0.00697	0.00936	0.01422	0.04192	0.01611	0.74469	0.08783	0.00453	0.00501	0.00651	0.00278	0.00296
74	0.00646	0.00450	0.00568	0.00577	0.00604	0.00472	0.00376	0.00703	0.00698	0.00955	0.01452	0.09375	0.01603	0.52500	0.26595	0.00506	0.00661	0.00659	0.00277	0.00322
75	0.01637	0.01994	0.01279	0.01147	0.01381	0.69643	0.00870	0.06763	0.05614	0.01262	0.00783	0.00888	0.00639	0.00492	0.00455	0.00123	0.03904	0.00315	0.00258	0.00550
76	0.01285	0.09865	0.37873	0.01164	0.01619	0.29868	0.01217	0.04599	0.03635	0.03639	0.00827	0.00931	0.00627	0.00453	0.00412	0.00130	0.00680	0.00323	0.00236	0.00619
77	0.00555	0.00396	0.00525	0.00627	0.00652	0.00370	0.00416	0.00632	0.00861	0.01148	0.02464	0.81226	0.02954	0.04032	0.00633	0.00192	0.00268	0.01268	0.00416	0.00365
78	0.00585	0.00450	0.00538	0.00556	0.00663	0.00402	0.00411	0.00730	0.01079	0.01410	0.28886	0.21525	0.34187	0.01142	0.00550	0.00160	0.00243	0.05642	0.00446	0.00396
79	0.01073	0.01322	0.10303	0.01783	0.02235	0.01158	0.65238	0.04170	0.01077	0.01481	0.00896	0.01180	0.00675	0.00413	0.00570	0.00154	0.04922	0.00504	0.00232	0.00617
80	0.00670	0.00469	0.00585	0.00560	0.00581	0.00467	0.03313	0.00692	0.00684	0.00916	0.01443	0.05936	0.01648	0.75483	0.04413	0.00427	0.00467	0.00673	0.00277	0.00295
81	0.00616	0.00468	0.00551	0.00569	0.00689	0.00420	0.00437	0.00760	0.01057	0.02379	0.18893	0.12046	0.40564	0.04209	0.00620	0.00174	0.00272	0.14446	0.00432	0.00397
82	0.01255	0.00978	0.01047	0.00899	0.01169	0.01092	0.00716	0.24049	0.44505	0.04391	0.01824	0.01829	0.06705	0.00651	0.00465	0.00149	0.00387	0.03460	0.03742	0.00688
83	0.01656	0.01229	0.01315	0.01018	0.01369	0.01359	0.00838	0.73604	0.05654	0.02758	0.01238	0.01224	0.03456	0.00567	0.00456	0.00137	0.00483	0.00431	0.00453	0.00755
84	0.84444	0.00889	0.00689	0.00611	0.00894	0.01029	0.00503	0.03927	0.00816	0.02060	0.00646	0.00748	0.00500	0.00425	0.00286	0.00140	0.00355	0.00251	0.00286	0.00500
85	0.00978	0.00828	0.00960	0.00689	0.01090	0.00643	0.00553	0.05001	0.00998	0.01544	0.00819	0.00947	0.00676	0.00346	0.00341	0.00070	0.00344	0.00275	0.00278	0.82618
86	0.00652	0.00467	0.00578	0.00553	0.00674	0.00420	0.00414	0.00831	0.01195	0.04049	0.54765	0.08552	0.23167	0.01001	0.00535	0.00148	0.00226	0.00871	0.00476	0.00423
87	0.00600	0.00458	0.00545	0.00529	0.00646	0.00409	0.00391	0.00764	0.01153	0.01540	0.47054	0.06784	0.32460	0.03936	0.00599	0.00158	0.00229	0.00882	0.00459	0.00403
88	0.01974	0.00758	0.01033	0.00796	0.01137	0.00656	0.00656	0.02151	0.01296	0.78202	0.05126	0.01620	0.01255	0.00576	0.00459	0.00140	0.00378	0.00471	0.00558	0.00757
89	0.00707	0.00508	0.00701	0.00802	0.00901	0.00502	0.00687	0.00900	0.01027	0.01333	0.02489	0.12317	0.05545	0.01263	0.00618	0.00204	0.00396	0.68270	0.00418	0.00411
90	0.00916	0.04172	0.79958	0.01280	0.01943	0.01069	0.01654	0.01433	0.00956	0.01427	0.00809	0.00952	0.00574	0.00430	0.00427	0.00142	0.00666	0.00333	0.00191	0.00668
91	0.00549	0.00431	0.00497	0.00542	0.00636	0.00379	0.00383	0.00653	0.00974	0.01228	0.08024	0.39606	0.41980	0.01256	0.00555	0.00166	0.00243	0.01096	0.00425	0.00379
92	0.00639	0.00464	0.00617	0.00699	0.00770	0.00450	0.00534	0.00814	0.03487	0.01316	0.10470	0.44657	0.04671	0.01281	0.00585	0.00186	0.00312	0.27216	0.00429	0.00402
93	0.65793	0.00859	0.00838	0.21077	0.01434	0.01014	0.00682	0.01289	0.00805	0.01815	0.00674	0.00853	0.00519	0.00429	0.00323	0.00143	0.00414	0.00284	0.00261	0.00494
94	0.01221	0.77068	0.04074	0.00806	0.01190	0.04799	0.00798	0.01405	0.03162	0.01099	0.00671	0.00762	0.00604	0.00398	0.00303	0.00100	0.00498	0.00254	0.00203	0.00585
95	0.01064	0.42823	0.40243	0.01079	0.03828	0.01419	0.01222	0.01395	0.00941	0.01254	0.00724	0.00848	0.00582	0.00409	0.00362	0.00120	0.00574	0.00291	0.00194	0.00627
96	0.03278	0.00773	0.01046	0.00803	0.01153	0.00671	0.00663	0.02196	0.01289	0.80401	0.01771	0.01531	0.01112	0.00559	0.00453	0.00140	0.00385	0.00453	0.00557	0.00767
97	0.00614	0.00478	0.00561	0.00549	0.00677	0.00433	0.00416	0.00814	0.03570	0.01531	0.40733	0.06115	0.36168	0.01039	0.00538	0.00152	0.00236	0.04504	0.00459	0.00415
98	0.03715	0.01024	0.01057	0.00885	0.02851	0.05141	0.00695	0.44205	0.02908	0.06073	0.01228	0.02677	0.00924	0.00546	0.00411	0.00128	0.00421	0.00421	0.24043	0.00647
99	0.00953	0.01218	0.25622	0.03291	0.11052	0.00822	0.00994	0.05762	0.06407	0.06817	0.15089	0.05067	0.13636	0.00684	0.00477	0.00145	0.00444	0.00580	0.00348	0.00591
100	0.00787	0.00394	0.00590	0.00590	0.00590	0.00394	0.00394	0.00590	0.00590	0.00787	0.00787	0.01377	0.00787	0.01574	0.01771	0.86816	0.00394	0.00394	0.00197	0.00197
101	0.00986	0.00938	0.01594	0.43682	0.41407	0.01041	0.01323	0.01272	0.00968	0.01316	0.00828	0.01166	0.00660	0.00429	0.00451	0.00143	0.00572	0.00403	0.00213	0.00608
102	0.02622	0.01056	0.05542	0.34861	0.24862	0.05525	0.03266	0.01449	0.07629	0.06144	0.00982	0.01258	0.00759	0.00468	0.00451	0.00144	0.00564	0.01550	0.00258	0.00609
103	0.00572	0.00411	0.00539	0.00621	0.00662	0.00384	0.00425	0.00669	0.00917	0.01229	0.11194	0.66357	0.05498	0.04502	0.00640	0.00189	0.00269	0.04124	0.00424	0.00373
104	0.00558	0.00402	0.00530	0.00621	0.00657	0.00373	0.00419	0.00649	0.00905	0.01209	0.08544	0.75031	0.05678	0.01373	0.00574	0.00180	0.00258	0.01242	0.00427	0.00373
105	0.87276	0.00876	0.00666	0.00596	0.00876	0.01017	0.00491	0.01332	0.00771	0.02033	0.00631	0.00736	0.00491	0.00421	0.00280	0.00140	0.00351	0.00245	0.00280	0.00491
106	0.00974	0.00829	0.00964	0.00697	0.01090	0.00655	0.00559	0.04160	0.02402	0.01531	0.00832	0.00959	0.00687	0.00355	0.00359	0.00073	0.01534	0.00280	0.00278	0.80782
107	0.01655	0.00873	0.01056	0.00857	0.01176	0.00872	0.00691	0.06589	0.29832	0.45932	0.01738	0.01551	0.01182	0.00572	0.00454	0.00143	0.00381	0.00467	0.00510	0.03472
108	0.01457	0.42365	0.01818	0.00976	0.01285	0.42895	0.00827	0.01588	0.01106	0.01088	0.00666	0.00773	0.00583	0.00428	0.00351	0.00107	0.00654	0.00268	0.00214	0.00553
109	0.01638	0.01193	0.01296	0.00988	0.01355	0.01278	0.00814	0.67104	0.01952	0.05687	0.01080	0.01087	0.00772	0.00519	0.00439	0.00128	0.00474	0.00393	0.00435	0.11368
110	0.29502	0.04653	0.02386	0.00786	0.01107	0.00978	0.01782	0.15768	0.04239	0.25085	0.04425	0.01215	0.00941	0.00510	0.00389	0.00136	0.00396	0.00379	0.02271	0.03055

[dist]
# distance from previous block
# <min> <max>
0	1

[block]
# block no. 2 follows, 57 sequences, length 16
# corresponding to MSA columns:
# 258-273
name=unknown_C
#
# <colnr> <probs for GDERKNQSTAVLIFYWHMCP>
#	G	D	E	R	K	N	Q	S	T	A	V	L	I	F	Y	W	H	M	C	P
0	0.01831	0.00828	0.01054	0.00837	0.01168	0.00785	0.00682	0.04358	0.18235	0.62393	0.01781	0.01562	0.01168	0.00572	0.00457	0.00143	0.00383	0.00466	0.00537	0.00760
1	0.00887	0.01034	0.10944	0.58441	0.02745	0.01036	0.09606	0.01208	0.00916	0.01218	0.00839	0.02772	0.00655	0.00481	0.00521	0.00154	0.05379	0.00426	0.00207	0.00531
2	0.01218	0.01046	0.01358	0.16952	0.18853	0.03283	0.02293	0.15581	0.28812	0.03993	0.01253	0.01335	0.00944	0.00517	0.00455	0.00145	0.00488	0.00443	0.00352	0.00681
3	0.01069	0.45635	0.39836	0.01019	0.01540	0.01443	0.01200	0.01394	0.00938	0.01240	0.00716	0.00835	0.00578	0.00408	0.00357	0.00119	0.00572	0.00286	0.00193	0.00623
4	0.01750	0.00900	0.04409	0.00854	0.01189	0.00811	0.00719	0.10992	0.11570	0.54188	0.03189	0.03055	0.01198	0.02401	0.00499	0.00149	0.00403	0.00479	0.00510	0.00735
5	0.01008	0.00793	0.00957	0.00725	0.01076	0.00647	0.02102	0.05674	0.02609	0.06166	0.01101	0.10755	0.00991	0.00495	0.00384	0.00092	0.00348	0.00417	0.00317	0.63342
6	0.20279	0.15733	0.10110	0.01182	0.01568	0.05669	0.25672	0.02750	0.02714	0.03985	0.00859	0.02917	0.00689	0.00448	0.00433	0.00137	0.02464	0.00391	0.00254	0.01747
7	0.01687	0.01323	0.01317	0.01031	0.01372	0.09134	0.00842	0.69296	0.02005	0.02644	0.01065	0.01085	0.00767	0.00536	0.00444	0.00133	0.00518	0.00397	0.03669	0.00734
8	0.00627	0.00462	0.00528	0.00528	0.00658	0.00402	0.00389	0.00759	0.01066	0.04935	0.19699	0.18297	0.47776	0.01125	0.00539	0.00156	0.00239	0.00966	0.00443	0.00407
9	0.00958	0.00860	0.01359	0.73341	0.02919	0.01054	0.01212	0.10407	0.01050	0.01358	0.00839	0.01194	0.00624	0.00464	0.00453	0.00149	0.00592	0.00403	0.00231	0.00535
10	0.06810	0.01024	0.10557	0.00878	0.01257	0.00830	0.00796	0.12953	0.01343	0.54277	0.03603	0.01411	0.01054	0.00545	0.00444	0.00140	0.00428	0.00432	0.00484	0.00734
11	0.01049	0.01023	0.01655	0.08208	0.07910	0.05786	0.29099	0.10476	0.02824	0.01511	0.01286	0.18880	0.01227	0.00670	0.00544	0.00155	0.03577	0.01733	0.01824	0.00564
12	0.00665	0.00450	0.00532	0.00542	0.00557	0.00455	0.00337	0.00695	0.00700	0.00936	0.01507	0.03096	0.01707	0.70980	0.07240	0.00436	0.00487	0.08096	0.00286	0.00297
13	0.87276	0.00876	0.00666	0.00596	0.00876	0.01017	0.00491	0.01332	0.00771	0.02033	0.00631	0.00736	0.00491	0.00421	0.00280	0.00140	0.00351	0.00245	0.00280	0.00491
14	0.01187	0.00935	0.01095	0.04621	0.01250	0.01095	0.00774	0.04453	0.48283	0.10637	0.01656	0.01616	0.04331	0.00652	0.00644	0.00159	0.15040	0.00495	0.00412	0.00663
15	0.01103	0.66597	0.09771	0.00788	0.01175	0.01556	0.00811	0.01281	0.00937	0.01120	0.01114	0.01177	0.10054	0.00481	0.00333	0.00108	0.00472	0.00335	0.00220	0.00567

[dist]
# distance from previous block
# <min> <max>
0	4

[block]
# block no. 3 follows, 57 sequences, length 35
# corresponding to MSA columns:
# 278-301,341-345,386-391
name=unknown_D
#
# <colnr> <probs for GDERKNQSTAVLIFYWHMCP>
#	G	D	E	R	K	N	Q	S	T	A	V	L	I	F	Y	W	H	M	C	P
0	0.01511	0.00668	0.00891	0.00733	0.00990	0.00598	0.00585	0.01733	0.04367	0.50835	0.23894	0.07586	0.02136	0.00722	0.00486	0.00144	0.00328	0.00615	0.00530	0.00646
1	0.31245	0.00779	0.00872	0.00707	0.01012	0.00766	0.00580	0.01800	0.01099	0.47375	0.04482	0.01344	0.01030	0.00525	0.00392	0.00139	0.00359	0.00396	0.04451	0.00645
2	0.00991	0.00991	0.01388	0.01190	0.01190	0.01388	0.00991	0.01091	0.00694	0.01091	0.00595	0.00991	0.00595	0.00793	0.01487	0.00198	0.83246	0.00397	0.00198	0.00496
3	0.81528	0.00903	0.00713	0.00626	0.00912	0.01043	0.00516	0.06600	0.00862	0.02088	0.00662	0.00760	0.00510	0.00429	0.00292	0.00140	0.00360	0.00256	0.00292	0.00510
4	0.01378	0.01065	0.01175	0.00879	0.01259	0.01053	0.00719	0.45168	0.01607	0.02249	0.00964	0.01023	0.00727	0.00452	0.00402	0.00106	0.00427	0.00347	0.00372	0.38629
5	0.01204	0.77041	0.07475	0.00818	0.01220	0.03712	0.00836	0.01373	0.00932	0.01091	0.00644	0.00744	0.00581	0.00392	0.00303	0.00100	0.00505	0.00249	0.00195	0.00586
6	0.01702	0.01239	0.01333	0.01029	0.01386	0.01368	0.00848	0.73409	0.06068	0.05258	0.01148	0.01133	0.00813	0.00548	0.00454	0.00137	0.00488	0.00415	0.00457	0.00768
7	0.00611	0.00435	0.00532	0.00567	0.00614	0.00410	0.00374	0.00687	0.00865	0.01156	0.11649	0.35515	0.09477	0.30092	0.01167	0.00263	0.00321	0.02784	0.00376	0.02106
8	0.01923	0.02445	0.01093	0.00829	0.01173	0.00770	0.00684	0.06774	0.07993	0.68661	0.01729	0.01512	0.01112	0.00561	0.00453	0.00140	0.00392	0.00453	0.00539	0.00763
9	0.01603	0.01018	0.01137	0.00894	0.01201	0.01082	0.00725	0.48122	0.04450	0.18615	0.02832	0.01420	0.01020	0.06168	0.00569	0.00156	0.00438	0.00447	0.07400	0.00701
10	0.02033	0.00771	0.01052	0.00806	0.01157	0.00666	0.00666	0.02208	0.01297	0.81562	0.01788	0.01542	0.01122	0.00561	0.00456	0.00140	0.00386	0.00456	0.00561	0.00771
11	0.02033	0.00771	0.01052	0.00806	0.01157	0.00666	0.00666	0.02208	0.01297	0.81562	0.01788	0.01542	0.01122	0.00561	0.00456	0.00140	0.00386	0.00456	0.00561	0.00771
12	0.00909	0.00859	0.01463	0.71270	0.07549	0.01031	0.05759	0.03502	0.00959	0.01243	0.00823	0.01200	0.00620	0.00449	0.00457	0.00150	0.00606	0.00411	0.00212	0.00530
13	0.00909	0.02344	0.81727	0.01292	0.01961	0.01052	0.01674	0.01435	0.00957	0.01435	0.00813	0.00957	0.00574	0.00431	0.00431	0.00144	0.00670	0.00335	0.00191	0.00670
14	0.00611	0.00444	0.00587	0.00682	0.00737	0.00429	0.00498	0.00761	0.03636	0.01228	0.02505	0.61470	0.04769	0.01348	0.00584	0.00188	0.00300	0.18412	0.00421	0.00391
15	0.00909	0.02344	0.81727	0.01292	0.01961	0.01052	0.01674	0.01435	0.00957	0.01435	0.00813	0.00957	0.00574	0.00431	0.00431	0.00144	0.00670	0.00335	0.00191	0.00670
16	0.00612	0.00421	0.00515	0.00560	0.00574	0.00412	0.00346	0.00651	0.00752	0.01004	0.01887	0.38094	0.02220	0.45846	0.03800	0.00336	0.00384	0.00928	0.00337	0.00319
17	0.00659	0.00439	0.00494	0.00494	0.00494	0.00439	0.00275	0.00659	0.00659	0.00879	0.01428	0.02965	0.01647	0.84075	0.02306	0.00439	0.00439	0.00659	0.00275	0.00275
18	0.00659	0.00439	0.00494	0.00494	0.00494	0.00439	0.00275	0.00659	0.00659	0.00879	0.01428	0.02965	0.01647	0.84075	0.02306	0.00439	0.00439	0.00659	0.00275	0.00275
19	0.00940	0.00805	0.00940	0.00671	0.01074	0.00604	0.00537	0.01141	0.00940	0.01477	0.00805	0.00940	0.00671	0.00336	0.00336	0.00067	0.00336	0.00268	0.00268	0.86845
20	0.01683	0.01249	0.01337	0.01034	0.01390	0.01387	0.00852	0.74542	0.07391	0.02791	0.01139	0.01128	0.00812	0.00549	0.00454	0.00137	0.00489	0.00415	0.00454	0.00767
21	0.04966	0.01142	0.01155	0.00968	0.01266	0.04993	0.00772	0.33030	0.42375	0.02246	0.01441	0.01371	0.01066	0.00572	0.00448	0.00144	0.00435	0.00450	0.00440	0.00720
22	0.44927	0.00746	0.00685	0.00612	0.00855	0.00797	0.00490	0.01321	0.06956	0.10673	0.08350	0.01919	0.18786	0.00654	0.00391	0.00144	0.00317	0.00494	0.00374	0.00510
23	0.66890	0.00808	0.00669	0.00598	0.00848	0.00916	0.00485	0.04326	0.00903	0.02014	0.11119	0.01157	0.01037	0.00498	0.00323	0.00138	0.00329	0.00338	0.06114	0.00489
24	0.04292	0.00782	0.01111	0.23405	0.01549	0.00994	0.02422	0.01107	0.00832	0.01308	0.00928	0.03050	0.00793	0.00623	0.00818	0.00158	0.32609	0.00421	0.22319	0.00478
25	0.83395	0.00894	0.00697	0.00616	0.00900	0.01034	0.00508	0.04889	0.00833	0.02070	0.00652	0.00752	0.00503	0.00426	0.00288	0.00140	0.00357	0.00253	0.00288	0.00503
26	0.00918	0.00783	0.00917	0.00669	0.01051	0.00591	0.00530	0.01113	0.00936	0.01459	0.00899	0.05526	0.00800	0.00396	0.00349	0.00074	0.00332	0.00325	0.00277	0.82057
27	0.03348	0.00807	0.01008	0.00874	0.04770	0.00774	0.00662	0.16666	0.02898	0.32578	0.12591	0.09396	0.01604	0.00660	0.00461	0.00137	0.00371	0.00553	0.01690	0.08152
28	0.06879	0.02034	0.01251	0.01126	0.01369	0.73000	0.00851	0.05958	0.01298	0.01259	0.00717	0.00827	0.00588	0.00468	0.00403	0.00119	0.00772	0.00295	0.00248	0.00536
29	0.01225	0.01022	0.01080	0.00942	0.01215	0.01173	0.00741	0.15070	0.67609	0.02053	0.01720	0.01592	0.01283	0.00603	0.00460	0.00151	0.00382	0.00495	0.00460	0.00726
30	0.02033	0.00771	0.01052	0.00806	0.01157	0.00666	0.00666	0.02208	0.01297	0.81562	0.01788	0.01542	0.01122	0.00561	0.00456	0.00140	0.00386	0.00456	0.00561	0.00771
31	0.01056	0.01021	0.01431	0.07649	0.45742	0.08175	0.01083	0.02894	0.06011	0.01460	0.06580	0.08575	0.05190	0.00588	0.00467	0.00141	0.00495	0.00532	0.00288	0.00620
32	0.00667	0.00451	0.00564	0.00567	0.00601	0.00476	0.00374	0.00736	0.00709	0.01003	0.01393	0.04697	0.01484	0.49846	0.27445	0.00498	0.00662	0.00603	0.06893	0.00330
33	0.01247	0.01053	0.03321	0.00960	0.01252	0.01146	0.02298	0.16839	0.57745	0.04520	0.01716	0.01604	0.03021	0.00602	0.00462	0.00150	0.00399	0.00497	0.00450	0.00718
34	0.01372	0.41682	0.01944	0.01045	0.01365	0.31072	0.08052	0.02747	0.01076	0.01146	0.00688	0.00823	0.00596	0.00437	0.00412	0.00114	0.04353	0.00297	0.00216	0.00563

[dist]
# distance from previous block
# <min> <max>
2	3

[block]
# block no. 4 follows, 57 sequences, length 98
# corresponding to MSA columns:
# 405-408,415-482,484-509
name=unknown_E
#
# <colnr> <probs for GDERKNQSTAVLIFYWHMCP>
#	G	D	E	R	K	N	Q	S	T	A	V	L	I	F	Y	W	H	M	C	P
0	0.00845	0.00422	0.00422	0.00422	0.00528	0.00422	0.00317	0.01056	0.00950	0.01689	0.01478	0.01689	0.01161	0.00528	0.00317	0.00106	0.00211	0.00422	0.86591	0.00422
1	0.03142	0.00434	0.00429	0.00427	0.00537	0.00438	0.00321	0.01063	0.00946	0.01699	0.01456	0.01664	0.01144	0.00525	0.00316	0.00107	0.00215	0.00418	0.84297	0.00424
2	0.00548	0.00460	0.00477	0.00472	0.00620	0.00388	0.00354	0.00675	0.01063	0.01295	0.13741	0.04244	0.71869	0.01121	0.00535	0.00152	0.00228	0.00940	0.00430	0.00388
3	0.00552	0.00460	0.00482	0.00477	0.00622	0.00390	0.00357	0.00683	0.01072	0.01318	0.16643	0.04207	0.68953	0.01113	0.00535	0.00151	0.00227	0.00935	0.00433	0.00390
4	0.01122	0.01077	0.01839	0.02781	0.81248	0.01077	0.01391	0.01391	0.01032	0.01480	0.00852	0.01122	0.00718	0.00404	0.00449	0.00135	0.00538	0.00404	0.00224	0.00718
5	0.00940	0.00805	0.00940	0.00671	0.01074	0.00604	0.00537	0.01141	0.00940	0.01477	0.00805	0.00940	0.00671	0.00336	0.00336	0.00067	0.00336	0.00268	0.00268	0.86845
6	0.00991	0.00991	0.01388	0.01190	0.01190	0.01388	0.00991	0.01091	0.00694	0.01091	0.00595	0.00991	0.00595	0.00793	0.01487	0.00198	0.83246	0.00397	0.00198	0.00496
