[name]
unknown

[dist]
# distance from previous block
# <min> <max>
6	67

[block]
# block no. 0 follows, 60 sequences, length 82
# corresponding to MSA columns:
# 75-156
name=unknown_A
#
# <colnr> <probs for GDERKNQSTAVLIFYWHMCP>
#	G	D	E	R	K	N	Q	S	T	A	V	L	I	F	Y	W	H	M	C	P
0	0.02340	0.04839	0.03315	0.07485	0.05076	0.00942	0.00751	0.23980	0.04290	0.06673	0.04053	0.04057	0.00923	0.00486	0.00410	0.00113	0.01471	0.00389	0.00334	0.28072
1	0.02317	0.02610	0.02767	0.00976	0.01231	0.00831	0.17527	0.05477	0.16187	0.10314	0.13790	0.10436	0.06638	0.00692	0.00509	0.00146	0.02972	0.01969	0.00380	0.02230
2	0.01297	0.05110	0.01179	0.00980	0.01230	0.31834	0.02375	0.06465	0.33324	0.01492	0.01255	0.01258	0.03380	0.00530	0.00444	0.00129	0.02873	0.00397	0.00329	0.04121
3	0.00900	0.00774	0.01049	0.29801	0.01728	0.00719	0.00764	0.01128	0.00901	0.03192	0.00797	0.01009	0.00633	0.00368	0.00365	0.00095	0.00415	0.00308	0.00242	0.54812
4	0.00640	0.00451	0.00590	0.00553	0.00660	0.00415	0.00415	0.00846	0.01235	0.03137	0.80342	0.03227	0.04063	0.00886	0.00513	0.00137	0.00209	0.00783	0.00481	0.00417
5	0.00531	0.00380	0.00506	0.00607	0.00633	0.00354	0.00405	0.00607	0.00835	0.01113	0.02404	0.84388	0.02885	0.01366	0.00557	0.00177	0.00253	0.01240	0.00405	0.00354
6	0.00824	0.00775	0.01308	0.83624	0.03004	0.00969	0.01211	0.01114	0.00872	0.01114	0.00775	0.01163	0.00581	0.00436	0.00436	0.00145	0.00581	0.00388	0.00194	0.00484
7	0.00523	0.00442	0.00452	0.00449	0.00594	0.00371	0.00337	0.00640	0.01011	0.01219	0.09889	0.04131	0.76278	0.01089	0.00515	0.00147	0.00220	0.00911	0.00410	0.00371
8	0.01655	0.01316	0.01301	0.01017	0.01352	0.10369	0.00830	0.71792	0.01961	0.02563	0.01006	0.01018	0.00722	0.00515	0.00432	0.00129	0.00514	0.00380	0.00413	0.00716
9	0.01029	0.01176	0.02574	0.01838	0.02279	0.01103	0.80368	0.01397	0.01029	0.01397	0.00882	0.01176	0.00662	0.00368	0.00515	0.00147	0.00735	0.00515	0.00221	0.00588
10	0.00536	0.00380	0.00507	0.00606	0.00631	0.00355	0.00404	0.00606	0.00829	0.01105	0.02367	0.82537	0.02837	0.01370	0.00582	0.02118	0.00256	0.01221	0.00400	0.00351
11	0.01166	0.84935	0.02285	0.00746	0.01119	0.01726	0.00746	0.01306	0.00886	0.01026	0.00606	0.00700	0.00560	0.00373	0.00280	0.00093	0.00466	0.00233	0.00187	0.00560
12	0.01957	0.00742	0.01012	0.00776	0.01113	0.00641	0.00641	0.02126	0.01248	0.82254	0.01721	0.01484	0.01080	0.00540	0.00439	0.00135	0.00371	0.00439	0.00540	0.00742
13	0.00556	0.00397	0.00502	0.00570	0.00600	0.00377	0.00374	0.00621	0.00798	0.01056	0.02282	0.57870	0.08273	0.19605	0.03791	0.00247	0.00320	0.01057	0.00368	0.00337
14	0.00875	0.02256	0.82413	0.01243	0.01888	0.01013	0.01611	0.01381	0.00921	0.01381	0.00783	0.00921	0.00552	0.00414	0.00414	0.00138	0.00645	0.00322	0.00184	0.00645
15	0.00531	0.00380	0.00506	0.00607	0.00633	0.00354	0.00405	0.00607	0.00835	0.01113	0.02404	0.84388	0.02885	0.01366	0.00557	0.00177	0.00253	0.01240	0.00405	0.00354
16	0.01393	0.44348	0.01771	0.00931	0.01232	0.41499	0.00794	0.01519	0.01058	0.01046	0.00640	0.00742	0.00561	0.00411	0.00335	0.00103	0.00623	0.00257	0.00205	0.00533
17	0.07896	0.01007	0.01420	0.07402	0.39853	0.01065	0.01040	0.20742	0.05313	0.05601	0.01002	0.03956	0.00805	0.00477	0.00426	0.00134	0.00474	0.00415	0.00306	0.00663
18	0.01931	0.00798	0.01035	0.00797	0.01133	0.02246	0.00657	0.07150	0.01300	0.75611	0.01658	0.01443	0.01048	0.00537	0.00438	0.00134	0.00386	0.00433	0.00527	0.00738
19	0.00531	0.00380	0.00506	0.00607	0.00633	0.00354	0.00405	0.00607	0.00835	0.01113	0.02404	0.84388	0.02885	0.01366	0.00557	0.00177	0.00253	0.01240	0.00405	0.00354
20	0.00891	0.06907	0.77905	0.01215	0.01844	0.01053	0.01563	0.01377	0.00919	0.01361	0.00773	0.00908	0.00553	0.00412	0.00407	0.00136	0.00635	0.00317	0.00184	0.00640
21	0.01021	0.01212	0.05656	0.01794	0.02230	0.01106	0.74932	0.01386	0.01014	0.01386	0.00869	0.01160	0.00655	0.00381	0.00538	0.00148	0.03201	0.00503	0.00218	0.00587
22	0.00531	0.00380	0.00506	0.00607	0.00633	0.00354	0.00405	0.00607	0.00835	0.01113	0.02404	0.84388	0.02885	0.01366	0.00557	0.00177	0.00253	0.01240	0.00405	0.00354
23	0.00600	0.00437	0.00566	0.00568	0.00659	0.00403	0.00422	0.00775	0.01131	0.01567	0.57100	0.18392	0.09025	0.01012	0.00528	0.00149	0.00227	0.05586	0.00456	0.00397
24	0.00758	0.00379	0.00568	0.00568	0.00568	0.00379	0.00379	0.00568	0.00568	0.00758	0.00758	0.01326	0.00758	0.01515	0.01705	0.87311	0.00379	0.00379	0.00189	0.00189
25	0.01510	0.01197	0.01222	0.00981	0.01297	0.05873	0.00794	0.56102	0.22208	0.02418	0.01212	0.01181	0.00882	0.00537	0.00436	0.00134	0.00463	0.00412	0.00426	0.00715
26	0.01023	0.01164	0.02535	0.04349	0.02302	0.01099	0.77937	0.01388	0.01025	0.01388	0.00879	0.01176	0.00659	0.00370	0.00512	0.00147	0.00731	0.00511	0.00220	0.00585
27	0.00627	0.00419	0.00479	0.00488	0.00493	0.00416	0.00280	0.00641	0.00667	0.00897	0.02731	0.10310	0.01737	0.74364	0.02010	0.00391	0.00400	0.00688	0.01685	0.00277
28	0.01376	0.01029	0.01095	0.00911	0.01197	0.02983	0.00729	0.30877	0.39702	0.09697	0.01460	0.01383	0.01065	0.00601	0.01806	0.00148	0.00418	0.00444	0.02381	0.00698
29	0.01072	0.01112	0.02032	0.16431	0.02167	0.04148	0.47657	0.10576	0.01104	0.01467	0.00895	0.03131	0.00702	0.00446	0.00536	0.00147	0.05081	0.00479	0.00244	0.00573
30	0.00813	0.00407	0.00407	0.00407	0.00508	0.00407	0.00305	0.01016	0.00915	0.01626	0.01423	0.01626	0.01118	0.00508	0.00305	0.00102	0.00203	0.00407	0.87093	0.00407
31	0.00632	0.00422	0.00476	0.00478	0.00479	0.00421	0.00267	0.00634	0.00638	0.00851	0.01395	0.04520	0.01612	0.82970	0.02186	0.00418	0.00419	0.00647	0.00267	0.00266
32	0.00989	0.01064	0.01981	0.04339	0.01801	0.01202	0.42396	0.01233	0.00864	0.01233	0.00741	0.01077	0.00619	0.00546	0.00919	0.00166	0.37638	0.00451	0.00206	0.00535
33	0.42525	0.01083	0.00901	0.00801	0.01000	0.17513	0.00642	0.04712	0.00890	0.01579	0.00706	0.00888	0.00588	0.00690	0.06457	0.00179	0.14451	0.00300	0.03614	0.00483
34	0.00662	0.00417	0.00470	0.00477	0.00501	0.00417	0.00289	0.00711	0.00706	0.01024	0.01454	0.08562	0.01577	0.60000	0.03623	0.00348	0.00385	0.00630	0.17446	0.00302
35	0.00991	0.00951	0.01634	0.30359	0.52750	0.01015	0.03458	0.01263	0.00953	0.01318	0.00807	0.01111	0.00653	0.00404	0.00436	0.00135	0.00546	0.00392	0.00208	0.00617
36	0.00904	0.00775	0.00904	0.00646	0.01034	0.00581	0.00517	0.01098	0.00904	0.01421	0.00775	0.00904	0.00646	0.00323	0.00323	0.00065	0.00323	0.00258	0.00258	0.87339
37	0.87753	0.00843	0.00641	0.00574	0.00843	0.00978	0.00472	0.01282	0.00742	0.01957	0.00607	0.00709	0.00472	0.00405	0.00270	0.00135	0.00337	0.00236	0.00270	0.00472
38	0.00555	0.00401	0.00528	0.00603	0.00637	0.00383	0.00409	0.00642	0.00864	0.01163	0.10193	0.68009	0.03981	0.06211	0.00666	0.00188	0.01709	0.02101	0.00400	0.00358
39	0.00533	0.00380	0.00506	0.00605	0.00630	0.00355	0.00402	0.00608	0.00832	0.01109	0.02386	0.82968	0.02862	0.02817	0.00586	0.00181	0.00256	0.01229	0.00402	0.00353
40	0.01471	0.00860	0.01005	0.00842	0.01130	0.00901	0.00672	0.04018	0.45164	0.36261	0.01735	0.01553	0.01210	0.00568	0.00441	0.00142	0.00359	0.00467	0.00485	0.00714
41	0.00890	0.00801	0.01100	0.27014	0.01669	0.00838	0.00812	0.02071	0.00865	0.01272	0.00759	0.01020	0.00628	0.00494	0.02138	0.00125	0.14511	0.00328	0.01233	0.41430
42	0.00752	0.00453	0.00551	0.00533	0.00595	0.00432	0.00350	0.00828	0.00855	0.08998	0.18017	0.12483	0.03183	0.45469	0.01412	0.00293	0.00343	0.00715	0.03383	0.00358
43	0.00875	0.02256	0.82413	0.01243	0.01888	0.01013	0.01611	0.01381	0.00921	0.01381	0.00783	0.00921	0.00552	0.00414	0.00414	0.00138	0.00645	0.00322	0.00184	0.00645
44	0.00941	0.00774	0.00908	0.00651	0.01036	0.00583	0.00521	0.01134	0.00916	0.04241	0.00808	0.00925	0.00661	0.00331	0.00327	0.00067	0.00325	0.00265	0.00268	0.84317
45	0.00875	0.02256	0.82413	0.01243	0.01888	0.01013	0.01611	0.01381	0.00921	0.01381	0.00783	0.00921	0.00552	0.00414	0.00414	0.00138	0.00645	0.00322	0.00184	0.00645
46	0.00584	0.00414	0.00541	0.00577	0.00644	0.00382	0.00407	0.00716	0.01012	0.02410	0.34941	0.46179	0.07266	0.01149	0.00536	0.00159	0.00234	0.01029	0.00437	0.00383
47	0.01034	0.00990	0.01689	0.16974	0.68008	0.01024	0.01316	0.01299	0.00972	0.01370	0.00812	0.01094	0.00672	0.00397	0.00433	0.00132	0.00529	0.00388	0.00212	0.00654
48	0.01925	0.00735	0.01002	0.00771	0.01102	0.00636	0.00636	0.02094	0.01248	0.80320	0.03642	0.01527	0.01153	0.00548	0.00440	0.00135	0.00367	0.00447	0.00538	0.00734
49	0.00641	0.00437	0.00525	0.00561	0.00595	0.00431	0.00362	0.04326	0.00814	0.01110	0.01867	0.42704	0.02157	0.35015	0.01210	0.00270	0.00329	0.00907	0.05399	0.00339
50	0.00531	0.00380	0.00506	0.00607	0.00633	0.00354	0.00405	0.00607	0.00835	0.01113	0.02404	0.84388	0.02885	0.01366	0.00557	0.00177	0.00253	0.01240	0.00405	0.00354
51	0.00857	0.00711	0.01335	0.01062	0.01232	0.00718	0.28838	0.00942	0.00772	0.01080	0.00869	0.01305	0.00766	0.01177	0.09397	0.36784	0.06118	0.00438	0.05217	0.00383
52	0.00538	0.00383	0.00507	0.00601	0.00628	0.00358	0.00400	0.00615	0.00840	0.01123	0.04732	0.79092	0.02875	0.04291	0.00614	0.00185	0.00258	0.01205	0.00402	0.00353
53	0.00571	0.00400	0.00493	0.00549	0.00571	0.00382	0.00348	0.00622	0.00770	0.01022	0.03238	0.48446	0.05789	0.33359	0.01193	0.00270	0.00316	0.00987	0.00352	0.00321
54	0.00538	0.00384	0.00512	0.00603	0.00634	0.00359	0.00405	0.00623	0.00865	0.01161	0.08322	0.78335	0.02976	0.01331	0.00554	0.00174	0.00250	0.01206	0.00410	0.00359
55	0.00758	0.00379	0.00568	0.00568	0.00568	0.00379	0.00379	0.00568	0.00568	0.00758	0.00758	0.01326	0.00758	0.01515	0.01705	0.87311	0.00379	0.00379	0.00189	0.00189
56	0.00835	0.00787	0.01328	0.80115	0.06426	0.00972	0.01217	0.01124	0.00877	0.01128	0.00777	0.01159	0.00586	0.00434	0.00436	0.00145	0.00579	0.00388	0.00195	0.00493
57	0.00634	0.00425	0.00487	0.00487	0.00491	0.00429	0.00278	0.00641	0.00638	0.00854	0.01364	0.02798	0.01561	0.80647	0.06211	0.00437	0.00460	0.00626	0.00263	0.00270
58	0.01098	0.00943	0.00993	0.00890	0.01139	0.01091	0.00693	0.04059	0.79401	0.01845	0.01759	0.01614	0.01318	0.00590	0.00444	0.00148	0.00348	0.00491	0.00444	0.00691
59	0.00556	0.00425	0.00508	0.00525	0.00621	0.00380	0.00378	0.00687	0.01024	0.01346	0.29654	0.26460	0.32410	0.02324	0.00552	0.00156	0.00228	0.00962	0.00428	0.00377
60	0.00631	0.00461	0.00670	0.00670	0.00741	0.00529	0.00511	0.00774	0.00702	0.01019	0.01196	0.01816	0.01137	0.10704	0.72532	0.00654	0.01065	0.00481	0.03330	0.00378
61	0.01552	0.01162	0.01252	0.00961	0.01309	0.01259	0.00790	0.68534	0.05656	0.02567	0.01053	0.01060	0.00759	0.00506	0.00425	0.00125	0.00457	0.00383	0.00418	0.09773
62	0.06173	0.01310	0.01551	0.04494	0.38578	0.22304	0.06445	0.08431	0.01123	0.01455	0.00785	0.00984	0.00640	0.00430	0.00454	0.00129	0.03499	0.00361	0.00239	0.00614
63	0.04646	0.01683	0.01245	0.01055	0.01332	0.46477	0.00824	0.34153	0.01554	0.01791	0.00825	0.00891	0.00633	0.00478	0.00407	0.00121	0.00645	0.00325	0.00313	0.00602
64	0.01916	0.00751	0.01011	0.00781	0.01114	0.00662	0.00643	0.02134	0.04990	0.78488	0.01723	0.01491	0.01091	0.00542	0.00439	0.00136	0.00370	0.00441	0.00535	0.00740
65	0.01085	0.00937	0.00986	0.00888	0.01134	0.01085	0.00690	0.02318	0.81164	0.01824	0.01775	0.01627	0.01331	0.00592	0.00444	0.00148	0.00345	0.00493	0.00444	0.00690
66	0.00640	0.00451	0.00588	0.00551	0.00659	0.00415	0.00414	0.00843	0.01230	0.03232	0.78599	0.03245	0.05703	0.00890	0.00513	0.00137	0.00209	0.00785	0.00480	0.00417
67	0.87753	0.00843	0.00641	0.00574	0.00843	0.00978	0.00472	0.01282	0.00742	0.01957	0.00607	0.00709	0.00472	0.00405	0.00270	0.00135	0.00337	0.00236	0.00270	0.00472
68	0.01029	0.01176	0.02574	0.01838	0.02279	0.01103	0.80368	0.01397	0.01029	0.01397	0.00882	0.01176	0.00662	0.00368	0.00515	0.00147	0.00735	0.00515	0.00221	0.00588
69	0.01598	0.01130	0.02795	0.00954	0.01292	0.01200	0.00794	0.58104	0.10627	0.13434	0.01279	0.01229	0.02409	0.00542	0.00439	0.00134	0.00448	0.00419	0.00446	0.00727
70	0.00559	0.00419	0.00521	0.00562	0.00642	0.00381	0.00405	0.00683	0.00986	0.01302	0.23029	0.39341	0.22840	0.01172	0.00538	0.00161	0.00241	0.05421	0.00424	0.00375
71	0.00543	0.00388	0.00520	0.00621	0.00651	0.00364	0.00425	0.00628	0.00847	0.01127	0.02397	0.78908	0.02859	0.01355	0.00560	0.00179	0.00263	0.06603	0.00405	0.00358
72	0.01625	0.01834	0.01257	0.01092	0.01346	0.60113	0.00841	0.22387	0.01440	0.01508	0.00770	0.00858	0.00609	0.00474	0.00423	0.00119	0.02146	0.00312	0.00280	0.00567
73	0.00529	0.00425	0.00474	0.00505	0.00613	0.00369	0.00367	0.00636	0.00956	0.01185	0.06872	0.28234	0.52868	0.01177	0.00530	0.00157	0.00235	0.03092	0.00408	0.00367
74	0.00922	0.00959	0.01856	0.43245	0.03802	0.01046	0.34913	0.01235	0.00930	0.01236	0.00811	0.01156	0.00617	0.00423	0.00522	0.00148	0.05000	0.00441	0.00205	0.00531
75	0.00623	0.00467	0.00701	0.00701	0.00779	0.00545	0.00545	0.00779	0.00701	0.01012	0.01168	0.01713	0.01090	0.03271	0.82944	0.00701	0.01168	0.00467	0.00234	0.00389
76	0.01026	0.00989	0.01566	0.10890	0.43925	0.02460	0.03676	0.02516	0.00913	0.01313	0.00774	0.01072	0.00660	0.00500	0.00695	0.00147	0.22650	0.00390	0.03242	0.00596
77	0.01567	0.09334	0.01340	0.03609	0.01379	0.63545	0.00844	0.10964	0.01290	0.01263	0.00715	0.00821	0.00583	0.00451	0.00390	0.00114	0.00716	0.00293	0.00245	0.00538
78	0.01251	0.42944	0.01658	0.00847	0.03057	0.07903	0.00726	0.04978	0.15149	0.10021	0.02975	0.03090	0.02718	0.00494	0.00363	0.00116	0.00446	0.00368	0.00301	0.00596
79	0.03375	0.00512	0.00619	0.03458	0.00753	0.00526	0.00441	0.08858	0.00910	0.01256	0.04566	0.39920	0.02090	0.25291	0.03942	0.00257	0.00369	0.00863	0.01612	0.00380
80	0.01591	0.01125	0.01221	0.00945	0.01279	0.01221	0.00777	0.66659	0.03678	0.08980	0.01310	0.01277	0.05512	0.00557	0.00440	0.00132	0.00451	0.00427	0.00440	0.01977
81	0.02694	0.00936	0.01414	0.05562	0.01495	0.00913	0.22193	0.17918	0.05597	0.03761	0.03269	0.10071	0.01045	0.00532	0.00444	0.00127	0.00474	0.00499	0.00321	0.20736

[dist]
# distance from previous block
# <min> <max>
0	2

[block]
# block no. 1 follows, 60 sequences, length 32
# corresponding to MSA columns:
# 159-190
name=unknown_B
#
# <colnr> <probs for GDERKNQSTAVLIFYWHMCP>
#	G	D	E	R	K	N	Q	S	T	A	V	L	I	F	Y	W	H	M	C	P
0	0.05597	0.00889	0.01351	0.32711	0.24842	0.03345	0.03987	0.03581	0.03046	0.01323	0.01016	0.09294	0.02017	0.00542	0.00489	0.00144	0.04563	0.00475	0.00243	0.00545
1	0.00633	0.00479	0.00717	0.04514	0.00865	0.00558	0.00561	0.00787	0.00705	0.01008	0.01161	0.01749	0.01093	0.07507	0.74807	0.00660	0.01101	0.00473	0.00233	0.00387
2	0.00936	0.00964	0.01842	0.37225	0.08268	0.01024	0.34582	0.01302	0.05104	0.01293	0.00910	0.02930	0.00710	0.00431	0.00472	0.00146	0.00623	0.00465	0.00224	0.00551
3	0.01029	0.00816	0.00944	0.00696	0.01067	0.00675	0.00558	0.06682	0.06955	0.06147	0.00922	0.01001	0.00728	0.00369	0.00346	0.00079	0.00338	0.00295	0.00300	0.70052
4	0.00647	0.00494	0.00632	0.00645	0.00770	0.00431	0.00475	0.00770	0.00876	0.01216	0.01992	0.52562	0.02284	0.01088	0.00506	0.00153	0.00291	0.12177	0.00369	0.21622
5	0.01572	0.01209	0.01246	0.00974	0.01303	0.05148	0.00797	0.69313	0.05166	0.02547	0.01240	0.01227	0.05105	0.00554	0.00439	0.00132	0.00475	0.00420	0.00425	0.00708
6	0.01016	0.00970	0.03120	0.25476	0.32230	0.01008	0.05160	0.07535	0.01012	0.01415	0.00807	0.01074	0.00646	0.00428	0.00486	0.00131	0.05723	0.00377	0.00230	0.11155
7	0.06778	0.01133	0.01429	0.34104	0.02083	0.17458	0.13249	0.02715	0.02106	0.01247	0.00757	0.01031	0.00598	0.00463	0.00537	0.00140	0.09980	0.00372	0.00219	0.03600
8	0.01029	0.01176	0.02574	0.01838	0.02279	0.01103	0.80368	0.01397	0.01029	0.01397	0.00882	0.01176	0.00662	0.00368	0.00515	0.00147	0.00735	0.00515	0.00221	0.00588
9	0.01073	0.01026	0.01734	0.04776	0.77397	0.01036	0.01315	0.01362	0.03424	0.01429	0.00848	0.01098	0.00707	0.00396	0.00432	0.00131	0.00515	0.00392	0.00222	0.00685
10	0.00550	0.00387	0.00507	0.00588	0.00617	0.00363	0.00391	0.00615	0.00828	0.01102	0.04920	0.69391	0.05622	0.07476	0.00723	0.03786	0.00268	0.01133	0.00388	0.00343
11	0.25360	0.02465	0.00693	0.00610	0.00731	0.00650	0.00453	0.05769	0.00747	0.04983	0.00774	0.01128	0.00687	0.01071	0.01133	0.51452	0.00375	0.00339	0.00243	0.00337
12	0.00588	0.00421	0.00570	0.00612	0.00651	0.00439	0.00425	0.00676	0.00741	0.01017	0.01723	0.35974	0.01939	0.20704	0.30992	0.00423	0.00625	0.00822	0.00311	0.00347
13	0.06320	0.00687	0.00907	0.00737	0.01018	0.00611	0.00592	0.01825	0.01152	0.64300	0.01776	0.15385	0.01351	0.00672	0.00449	0.00142	0.00349	0.00562	0.00503	0.00663
14	0.00627	0.00433	0.00543	0.00573	0.00661	0.00393	0.00414	0.00749	0.00983	0.05150	0.20826	0.38563	0.19957	0.03273	0.00577	0.00167	0.00253	0.05042	0.00425	0.00389
15	0.00661	0.00395	0.00469	0.00513	0.00562	0.00384	0.00348	0.00760	0.00823	0.01247	0.01814	0.38358	0.01943	0.12341	0.00751	0.04857	0.00264	0.00804	0.32353	0.00352
16	0.01175	0.00945	0.00992	0.00880	0.01130	0.03335	0.00686	0.05089	0.66765	0.08496	0.01734	0.04269	0.01318	0.00606	0.00445	0.00146	0.00362	0.00503	0.00444	0.00680
17	0.00902	0.00529	0.00657	0.00591	0.00759	0.00480	0.00455	0.01118	0.04930	0.19110	0.37715	0.07223	0.22054	0.00877	0.00497	0.00142	0.00254	0.00754	0.00469	0.00483
18	0.80982	0.00817	0.00644	0.00581	0.00840	0.00937	0.00473	0.01269	0.00760	0.04023	0.00730	0.05062	0.00613	0.00458	0.00289	0.00137	0.00334	0.00293	0.00284	0.00473
19	0.41407	0.00986	0.10270	0.00691	0.01052	0.00831	0.00632	0.02602	0.00860	0.03962	0.00729	0.00834	0.00568	0.00381	0.00314	0.00109	0.00371	0.00263	0.00266	0.32872
20	0.00954	0.00898	0.01459	0.48028	0.28174	0.02077	0.03060	0.03454	0.03797	0.01299	0.00844	0.01152	0.00658	0.00429	0.00434	0.00139	0.00550	0.00394	0.01634	0.00567
21	0.00758	0.00379	0.00568	0.00568	0.00568	0.00379	0.00379	0.00568	0.00568	0.00758	0.00758	0.01326	0.00758	0.01515	0.01705	0.87311	0.00379	0.00379	0.00189	0.00189
22	0.00542	0.00385	0.00506	0.00595	0.00620	0.00362	0.00393	0.00615	0.00828	0.01107	0.04397	0.75332	0.02807	0.08432	0.00697	0.00197	0.00266	0.01177	0.00395	0.00348
23	0.00956	0.01569	0.35568	0.08000	0.08976	0.01048	0.30028	0.01416	0.05534	0.01395	0.00878	0.01086	0.00651	0.00407	0.00456	0.00142	0.00645	0.00413	0.00216	0.00618
24	0.00886	0.05398	0.79368	0.01224	0.01858	0.01040	0.01579	0.01378	0.00919	0.01368	0.00776	0.00912	0.00553	0.00413	0.00409	0.00136	0.00638	0.00319	0.00184	0.00641
25	0.00824	0.00775	0.01308	0.83624	0.03004	0.00969	0.01211	0.01114	0.00872	0.01114	0.00775	0.01163	0.00581	0.00436	0.00436	0.00145	0.00581	0.00388	0.00194	0.00484
26	0.02512	0.00875	0.00940	0.00759	0.01012	0.00940	0.00615	0.43970	0.01547	0.07792	0.01244	0.02499	0.00929	0.00530	0.00388	0.00121	0.00367	0.00411	0.31940	0.00611
27	0.00771	0.00685	0.00977	0.00893	0.00931	0.00895	0.00718	0.00892	0.00688	0.01027	0.00939	0.03709	0.00921	0.04733	0.40991	0.00446	0.38686	0.00455	0.00220	0.00424
28	0.05269	0.38000	0.01705	0.12618	0.03328	0.03496	0.00841	0.21516	0.01177	0.01536	0.00805	0.00931	0.01820	0.00455	0.00411	0.00119	0.04805	0.00319	0.00260	0.00586
29	0.00539	0.00383	0.00504	0.00598	0.00621	0.00359	0.00395	0.00609	0.00821	0.01094	0.02330	0.78536	0.02791	0.07345	0.00676	0.00195	0.00265	0.01196	0.00395	0.00348
30	0.00602	0.00422	0.00526	0.04364	0.00655	0.00421	0.00364	0.00646	0.00726	0.00965	0.01759	0.35411	0.02059	0.47442	0.01472	0.00312	0.00362	0.00865	0.00317	0.00310
31	0.00912	0.00743	0.00993	0.23632	0.01527	0.00777	0.01832	0.15569	0.01095	0.01504	0.03337	0.23870	0.01352	0.00699	0.00458	0.00135	0.01330	0.00607	0.01650	0.17976

[dist]
# distance from previous block
# <min> <max>
5	17

[block]
# block no. 2 follows, 60 sequences, length 95
# corresponding to MSA columns:
# 208-302
name=unknown_C
#
# <colnr> <probs for GDERKNQSTAVLIFYWHMCP>
#	G	D	E	R	K	N	Q	S	T	A	V	L	I	F	Y	W	H	M	C	P
0	0.04072	0.00907	0.00984	0.00831	0.01052	0.04277	0.00654	0.33617	0.03666	0.07178	0.05334	0.18403	0.04232	0.03440	0.00575	0.00152	0.05601	0.00602	0.00396	0.04027
1	0.00843	0.00644	0.00966	0.07672	0.03181	0.00658	0.11048	0.01951	0.05960	0.06655	0.06690	0.07199	0.04290	0.35187	0.01244	0.01852	0.02618	0.00612	0.00308	0.00424
2	0.17054	0.00907	0.01338	0.13199	0.08067	0.04180	0.18068	0.02142	0.00892	0.01400	0.00927	0.07832	0.00826	0.01569	0.01729	0.01314	0.08731	0.00450	0.04617	0.04756
3	0.20883	0.00937	0.01369	0.14873	0.42836	0.01001	0.01057	0.03133	0.03114	0.05608	0.00841	0.01042	0.00662	0.00416	0.00396	0.00134	0.00474	0.00359	0.00252	0.00612
4	0.00907	0.00544	0.00682	0.00648	0.00795	0.00518	0.00486	0.01179	0.10661	0.17669	0.22294	0.28216	0.10302	0.00960	0.00506	0.00153	0.00276	0.02262	0.00455	0.00489
5	0.00940	0.00893	0.01518	0.46953	0.38769	0.00999	0.01269	0.01216	0.00927	0.01255	0.00796	0.01125	0.00631	0.00415	0.00434	0.00138	0.00553	0.00388	0.00204	0.00578
6	0.03921	0.01086	0.01514	0.15655	0.11866	0.13557	0.18754	0.06329	0.01016	0.01328	0.00886	0.01236	0.00738	0.00878	0.12740	0.00224	0.05198	0.02302	0.00236	0.00537
7	0.05288	0.00577	0.00651	0.00578	0.00740	0.00576	0.00440	0.07345	0.03679	0.15128	0.08027	0.02050	0.08392	0.13095	0.04589	0.00195	0.00344	0.00517	0.27313	0.00477
8	0.00589	0.00427	0.00537	0.00593	0.00662	0.00398	0.00426	0.00713	0.02064	0.02171	0.11546	0.45065	0.16457	0.06328	0.00649	0.00184	0.00273	0.10139	0.00406	0.00372
9	0.01507	0.04814	0.03370	0.00980	0.01256	0.37435	0.00784	0.12013	0.15675	0.13323	0.01198	0.01187	0.03505	0.00516	0.00415	0.00126	0.00571	0.00377	0.00341	0.00605
10	0.00712	0.00442	0.00541	0.00555	0.00623	0.00411	0.00371	0.00781	0.00845	0.09276	0.05287	0.34185	0.12947	0.29718	0.01106	0.00251	0.00317	0.00891	0.00373	0.00367
11	0.06581	0.00471	0.00562	0.00554	0.00663	0.00444	0.00409	0.00816	0.01032	0.04350	0.37210	0.16765	0.16603	0.06202	0.00640	0.02266	0.00255	0.03361	0.00419	0.00396
12	0.10870	0.00837	0.00930	0.00767	0.01016	0.00884	0.00615	0.29373	0.06574	0.13439	0.22519	0.03189	0.03364	0.01716	0.01833	0.00149	0.00369	0.00522	0.00438	0.00596
13	0.77110	0.00876	0.00707	0.00616	0.00891	0.01008	0.00507	0.09643	0.00883	0.02035	0.00668	0.00761	0.00512	0.00419	0.00288	0.00134	0.00350	0.00256	0.01836	0.00500
14	0.00551	0.00399	0.00502	0.00565	0.00609	0.00370	0.00379	0.00634	0.00868	0.01149	0.10197	0.56455	0.12588	0.11687	0.00755	0.00200	0.00266	0.01081	0.00395	0.00350
15	0.01103	0.00596	0.00752	0.00691	0.00862	0.00571	0.00519	0.03007	0.11541	0.27605	0.06264	0.32374	0.05588	0.03815	0.00579	0.02056	0.00313	0.00786	0.00449	0.00529
16	0.01076	0.01049	0.01837	0.05063	0.63515	0.01062	0.12103	0.03462	0.01011	0.01434	0.00825	0.01090	0.00681	0.00404	0.00479	0.00135	0.03484	0.00406	0.00221	0.00664
17	0.00674	0.00434	0.00553	0.00573	0.00648	0.00401	0.00398	0.00780	0.00946	0.07456	0.20891	0.40494	0.09812	0.12944	0.00769	0.00197	0.00272	0.00959	0.00413	0.00386
18	0.25201	0.00741	0.00840	0.00682	0.00969	0.00726	0.00558	0.02881	0.03166	0.47225	0.01372	0.01288	0.00920	0.00500	0.00376	0.00131	0.00342	0.00380	0.11075	0.00626
19	0.26543	0.01276	0.11457	0.02092	0.01284	0.06573	0.00823	0.36813	0.04424	0.03455	0.00895	0.00946	0.00653	0.00472	0.00383	0.00133	0.00474	0.00335	0.00340	0.00630
20	0.00538	0.00384	0.00509	0.00601	0.00630	0.00359	0.00402	0.00619	0.00852	0.01141	0.06597	0.78244	0.02921	0.03212	0.00592	0.00181	0.00254	0.01202	0.00406	0.00355
21	0.00550	0.00420	0.00494	0.00526	0.00610	0.00377	0.00370	0.00656	0.00949	0.01224	0.16076	0.32320	0.33762	0.07724	0.00665	0.00179	0.00248	0.02083	0.00406	0.00363
22	0.01629	0.02079	0.01236	0.01124	0.01348	0.82921	0.00843	0.01742	0.01236	0.01067	0.00674	0.00787	0.00562	0.00449	0.00393	0.00112	0.00787	0.00281	0.00225	0.00506
23	0.00634	0.00423	0.00476	0.00476	0.00476	0.00423	0.00264	0.00634	0.00634	0.00846	0.01374	0.02854	0.01586	0.84672	0.02220	0.00423	0.00423	0.00634	0.00264	0.00264
24	0.00537	0.00382	0.00504	0.00600	0.00624	0.00358	0.00397	0.00609	0.00824	0.01098	0.02345	0.79711	0.02810	0.06145	0.00652	0.00191	0.00263	0.01205	0.00397	0.00349
25	0.00624	0.00468	0.00565	0.00547	0.00661	0.00437	0.00410	0.00769	0.01049	0.03975	0.32941	0.11609	0.34875	0.02149	0.03494	0.00171	0.03588	0.00846	0.00421	0.00399
26	0.00634	0.00423	0.00476	0.00476	0.00476	0.00423	0.00264	0.00634	0.00634	0.00846	0.01374	0.02854	0.01586	0.84672	0.02220	0.00423	0.00423	0.00634	0.00264	0.00264
27	0.00531	0.00380	0.00506	0.00607	0.00633	0.00354	0.00405	0.00607	0.00835	0.01113	0.02404	0.84388	0.02885	0.01366	0.00557	0.00177	0.00253	0.01240	0.00405	0.00354
28	0.01093	0.01119	0.02164	0.30472	0.05411	0.01124	0.48358	0.01387	0.01058	0.01425	0.00977	0.01351	0.00763	0.00484	0.00541	0.00170	0.00713	0.00507	0.00258	0.00624
29	0.01084	0.01097	0.01489	0.29669	0.30308	0.13780	0.05259	0.03944	0.03587	0.01295	0.00821	0.01092	0.00657	0.00464	0.00477	0.03222	0.00581	0.00381	0.00224	0.00570
30	0.87753	0.00843	0.00641	0.00574	0.00843	0.00978	0.00472	0.01282	0.00742	0.01957	0.00607	0.00709	0.00472	0.00405	0.00270	0.00135	0.00337	0.00236	0.00270	0.00472
31	0.00984	0.00911	0.01467	0.32843	0.29502	0.01007	0.05980	0.04575	0.11275	0.01401	0.00961	0.01216	0.00752	0.00532	0.03088	0.00157	0.00547	0.00412	0.01796	0.00594
32	0.00733	0.00594	0.00764	0.00706	0.00710	0.00719	0.00504	0.00774	0.00655	0.00928	0.01139	0.04692	0.01276	0.51082	0.06037	0.00355	0.27184	0.00563	0.00244	0.00342
33	0.01397	0.00768	0.00960	0.00711	0.01075	0.00621	0.00579	0.02884	0.01080	0.38332	0.01211	0.01171	0.00845	0.00425	0.00378	0.00098	0.00348	0.00343	0.00390	0.46384
34	0.00998	0.00819	0.00888	0.00804	0.01020	0.00916	0.00622	0.03648	0.58574	0.03583	0.14281	0.04902	0.05680	0.00688	0.00462	0.00147	0.00318	0.00582	0.00448	0.00622
35	0.00536	0.00382	0.00505	0.00601	0.00625	0.00357	0.00398	0.00609	0.00826	0.01101	0.02356	0.80586	0.02824	0.05250	0.00634	0.00189	0.00261	0.01212	0.00398	0.00350
36	0.01285	0.00874	0.00986	0.00836	0.01118	0.00927	0.00661	0.03639	0.51812	0.21378	0.02721	0.01537	0.01233	0.00557	0.00432	0.00137	0.00350	0.00460	0.00451	0.08605
37	0.00875	0.02256	0.82413	0.01243	0.01888	0.01013	0.01611	0.01381	0.00921	0.01381	0.00783	0.00921	0.00552	0.00414	0.00414	0.00138	0.00645	0.00322	0.00184	0.00645
38	0.00824	0.00775	0.01308	0.83624	0.03004	0.00969	0.01211	0.01114	0.00872	0.01114	0.00775	0.01163	0.00581	0.00436	0.00436	0.00145	0.00581	0.00388	0.00194	0.00484
39	0.00540	0.00411	0.00482	0.00535	0.00617	0.00367	0.00378	0.00638	0.00908	0.01160	0.03216	0.44150	0.36393	0.02244	0.00553	0.00166	0.00245	0.03569	0.03066	0.00362
40	0.00681	0.00460	0.00591	0.00633	0.00707	0.00443	0.00445	0.02362	0.05883	0.05920	0.13584	0.61411	0.02820	0.01188	0.00535	0.00166	0.00263	0.01068	0.00426	0.00413
41	0.84738	0.00846	0.00673	0.01996	0.02345	0.00979	0.00500	0.01280	0.00749	0.01933	0.00614	0.00723	0.00478	0.00405	0.00276	0.00135	0.00345	0.00241	0.00268	0.00476
42	0.00945	0.00530	0.00637	0.00571	0.00762	0.00458	0.00450	0.01091	0.01103	0.23990	0.15496	0.03330	0.43013	0.00919	0.00498	0.00145	0.00270	0.04857	0.00454	0.00481
43	0.00901	0.00917	0.01644	0.47662	0.02494	0.02010	0.22972	0.01181	0.00892	0.01183	0.00809	0.02759	0.00647	0.00478	0.00590	0.00152	0.11555	0.00437	0.00205	0.00510
44	0.01664	0.00938	0.01108	0.00856	0.01188	0.00939	0.00702	0.34118	0.05196	0.36833	0.04561	0.01339	0.01041	0.00533	0.00432	0.00129	0.00404	0.00423	0.00470	0.07125
45	0.00647	0.00500	0.02795	0.00571	0.00693	0.00432	0.00448	0.00861	0.01226	0.03131	0.78157	0.03164	0.03967	0.00873	0.00510	0.00137	0.00220	0.00770	0.00473	0.00424
46	0.00634	0.00423	0.00476	0.00476	0.00476	0.00423	0.00264	0.00634	0.00634	0.00846	0.01374	0.02854	0.01586	0.84672	0.02220	0.00423	0.00423	0.00634	0.00264	0.00264
47	0.01250	0.00836	0.00908	0.02740	0.01023	0.00910	0.00611	0.36323	0.07452	0.05318	0.01285	0.02717	0.00976	0.00538	0.00400	0.00123	0.01387	0.00421	0.34192	0.00591
48	0.06530	0.00983	0.04159	0.25088	0.48209	0.01004	0.03425	0.01266	0.00942	0.01367	0.00826	0.01157	0.00679	0.00420	0.00428	0.00137	0.00532	0.02024	0.00216	0.00609
49	0.00964	0.00792	0.00924	0.00664	0.01049	0.00614	0.00533	0.04287	0.00960	0.03770	0.00813	0.00927	0.00662	0.00337	0.00331	0.00069	0.00331	0.00269	0.00273	0.81433
50	0.01189	0.01372	0.02076	0.01544	0.01925	0.21369	0.52079	0.04001	0.01104	0.01361	0.00828	0.01055	0.00638	0.00390	0.00468	0.00132	0.00709	0.00434	0.00231	0.07097
51	0.25276	0.02424	0.02405	0.03322	0.01075	0.17811	0.00644	0.12264	0.01184	0.05619	0.21354	0.01477	0.01490	0.00565	0.00408	0.00131	0.01263	0.00425	0.00344	0.00519
52	0.00870	0.00562	0.00695	0.00606	0.00793	0.00503	0.00470	0.01106	0.05474	0.13531	0.39709	0.02748	0.12960	0.03163	0.00525	0.00139	0.00268	0.03130	0.00438	0.12310
53	0.00829	0.00775	0.01290	0.78602	0.02878	0.00972	0.01182	0.01110	0.00865	0.01122	0.00781	0.01164	0.00592	0.00451	0.00473	0.00146	0.03888	0.00388	0.02011	0.00483
54	0.01046	0.39337	0.25102	0.01164	0.01625	0.01363	0.20684	0.01346	0.00928	0.01219	0.00724	0.00885	0.00583	0.00390	0.00395	0.00121	0.01974	0.00331	0.00194	0.00589
55	0.00635	0.00515	0.03446	0.00567	0.00701	0.00430	0.00452	0.00826	0.01153	0.03341	0.55814	0.05883	0.19963	0.00937	0.00514	0.00143	0.00236	0.03577	0.00450	0.00416
56	0.50415	0.01005	0.00835	0.00731	0.01002	0.09197	0.00585	0.06647	0.17674	0.05100	0.00934	0.00965	0.00705	0.00460	0.00337	0.00134	0.00394	0.00313	0.00323	0.02244
57	0.00631	0.00437	0.00548	0.00548	0.00573	0.00462	0.00354	0.00681	0.00656	0.00899	0.01308	0.02489	0.01427	0.58625	0.28050	0.00512	0.00661	0.00581	0.00254	0.00304
58	0.00958	0.03675	0.40828	0.01530	0.04113	0.01079	0.36478	0.01376	0.00963	0.01372	0.00818	0.01034	0.00605	0.00401	0.00484	0.00142	0.02920	0.00409	0.00201	0.00614
59	0.00645	0.00498	0.00738	0.00725	0.00796	0.00595	0.00565	0.00793	0.00697	0.01011	0.01134	0.01691	0.01068	0.05067	0.75607	0.00660	0.06620	0.00466	0.00232	0.00392
60	0.00724	0.00522	0.00704	0.00767	0.00876	0.00523	0.00652	0.03724	0.02485	0.01423	0.13865	0.07732	0.02676	0.01131	0.00579	0.00187	0.00369	0.60228	0.00415	0.00418
61	0.01610	0.02038	0.01227	0.01115	0.01341	0.80023	0.00837	0.01762	0.04067	0.01094	0.00713	0.00816	0.00589	0.00454	0.00395	0.00114	0.00771	0.00288	0.00232	0.00512
62	0.00824	0.00775	0.01308	0.83624	0.03004	0.00969	0.01211	0.01114	0.00872	0.01114	0.00775	0.01163	0.00581	0.00436	0.00436	0.00145	0.00581	0.00388	0.00194	0.00484
63	0.00875	0.02256	0.82413	0.01243	0.01888	0.01013	0.01611	0.01381	0.00921	0.01381	0.00783	0.00921	0.00552	0.00414	0.00414	0.00138	0.00645	0.00322	0.00184	0.00645
64	0.00531	0.00382	0.00504	0.00602	0.00631	0.00355	0.00402	0.00608	0.00840	0.01116	0.02472	0.81678	0.05550	0.01358	0.00555	0.00176	0.00252	0.01229	0.00405	0.00355
65	0.00531	0.00380	0.00506	0.00607	0.00633	0.00354	0.00405	0.00607	0.00835	0.01113	0.02404	0.84388	0.02885	0.01366	0.00557	0.00177	0.00253	0.01240	0.00405	0.00354
66	0.00758	0.00379	0.00568	0.00568	0.00568	0.00379	0.00379	0.00568	0.00568	0.00758	0.00758	0.01326	0.00758	0.01515	0.01705	0.87311	0.00379	0.00379	0.00189	0.00189
67	0.00954	0.00954	0.01336	0.01145	0.01145	0.01336	0.00954	0.01050	0.00668	0.01050	0.00573	0.00954	0.00573	0.00763	0.01431	0.00191	0.83874	0.00382	0.00191	0.00477
68	0.84710	0.02607	0.00685	0.00583	0.00857	0.00999	0.00483	0.02417	0.00764	0.01949	0.00614	0.00713	0.00478	0.00406	0.00272	0.00134	0.00342	0.00238	0.00271	0.00478
69	0.00634	0.00423	0.00476	0.00476	0.00476	0.00423	0.00264	0.00634	0.00634	0.00846	0.01374	0.02854	0.01586	0.84672	0.02220	0.00423	0.00423	0.00634	0.00264	0.00264
70	0.01946	0.00759	0.01023	0.00784	0.01122	0.00666	0.00648	0.04885	0.01277	0.79454	0.01697	0.01469	0.01068	0.00539	0.00439	0.00135	0.00375	0.00437	0.00536	0.00742
71	0.00890	0.05185	0.77089	0.01244	0.01872	0.01041	0.04000	0.01379	0.00923	0.01369	0.00779	0.00921	0.00556	0.00411	0.00413	0.00137	0.00641	0.00325	0.00185	0.00640
72	0.00634	0.00423	0.00476	0.00476	0.00476	0.00423	0.00264	0.00634	0.00634	0.00846	0.01374	0.02854	0.01586	0.84672	0.02220	0.00423	0.00423	0.00634	0.00264	0.00264
73	0.00531	0.00380	0.00506	0.00607	0.00633	0.00354	0.00405	0.00607	0.00835	0.01113	0.02404	0.84388	0.02885	0.01366	0.00557	0.00177	0.00253	0.01240	0.00405	0.00354
74	0.00515	0.00442	0.00442	0.00442	0.00589	0.00368	0.00331	0.00626	0.00994	0.01178	0.04418	0.04197	0.81775	0.01105	0.00515	0.00147	0.00221	0.00920	0.00405	0.00368
75	0.00633	0.00428	0.00504	0.00504	0.00513	0.00438	0.00299	0.00652	0.00643	0.00866	0.01349	0.02713	0.01524	0.74574	0.12234	0.00457	0.00515	0.00614	0.00260	0.00280
76	0.00534	0.00381	0.00505	0.00604	0.00629	0.00356	0.00401	0.00608	0.00830	0.01106	0.02377	0.82268	0.02851	0.03532	0.00600	0.00184	0.00257	0.01224	0.00401	0.00352
77	0.00548	0.00384	0.00503	0.00592	0.00619	0.00361	0.00393	0.00625	0.00832	0.01124	0.03755	0.75352	0.02773	0.06456	0.00650	0.00189	0.00261	0.01169	0.03061	0.00351
78	0.00904	0.00775	0.00904	0.00646	0.01034	0.00581	0.00517	0.01098	0.00904	0.01421	0.00775	0.00904	0.00646	0.00323	0.00323	0.00065	0.00323	0.00258	0.00258	0.87339
79	0.00536	0.00383	0.00512	0.00613	0.00640	0.00358	0.00413	0.00616	0.00840	0.01119	0.02401	0.82130	0.02874	0.01362	0.00558	0.00178	0.00257	0.03449	0.00405	0.00356
80	0.00546	0.00441	0.00484	0.00476	0.00606	0.00381	0.00355	0.00681	0.01053	0.01333	0.26119	0.05690	0.57016	0.02221	0.00540	0.00149	0.00220	0.00886	0.00424	0.00379
81	0.05058	0.01963	0.01218	0.01092	0.01329	0.73363	0.00827	0.07804	0.01279	0.01233	0.00700	0.00804	0.00572	0.00453	0.00392	0.00115	0.00745	0.00288	0.00243	0.00523
82	0.00853	0.00648	0.00733	0.00686	0.00862	0.00673	0.00532	0.01412	0.31072	0.06332	0.20407	0.05922	0.19447	0.01961	0.00515	0.00153	0.00290	0.06538	0.00442	0.00521
83	0.00934	0.00905	0.01709	0.31508	0.04300	0.00969	0.31851	0.03700	0.00922	0.01232	0.00815	0.01175	0.00645	0.00578	0.00692	0.12405	0.04515	0.00436	0.00212	0.00497
84	0.01061	0.01032	0.01740	0.11194	0.69327	0.02511	0.04099	0.01324	0.00986	0.01385	0.00815	0.01086	0.00676	0.00394	0.00434	0.00132	0.00537	0.00391	0.00214	0.00662
85	0.00538	0.00390	0.00509	0.00597	0.00637	0.00361	0.00407	0.00624	0.00866	0.01145	0.05117	0.72806	0.09523	0.01325	0.00553	0.00174	0.00253	0.03408	0.00407	0.00359
86	0.01054	0.01010	0.01724	0.10733	0.74095	0.01030	0.01326	0.01316	0.00981	0.01394	0.00816	0.01088	0.00680	0.00393	0.00432	0.00131	0.00524	0.00389	0.00214	0.00670
87	0.02848	0.00764	0.00965	0.00780	0.01069	0.00722	0.00628	0.10002	0.08915	0.52355	0.03148	0.11372	0.01322	0.00642	0.00450	0.00139	0.00361	0.00535	0.00493	0.02492
88	0.02702	0.00945	0.01312	0.11707	0.29088	0.02316	0.00967	0.12489	0.12164	0.14633	0.03541	0.01386	0.03781	0.00506	0.00438	0.00136	0.00455	0.00437	0.00342	0.00655
89	0.00688	0.00452	0.00572	0.00575	0.00683	0.00408	0.00424	0.00830	0.01052	0.08358	0.30758	0.28601	0.19616	0.01066	0.00525	0.00154	0.00246	0.04135	0.00443	0.00413
90	0.03891	0.00873	0.00987	0.00828	0.01047	0.00956	0.00655	0.41139	0.01437	0.05962	0.01360	0.13832	0.02607	0.06804	0.10181	0.00226	0.03454	0.00552	0.02634	0.00577
91	0.01570	0.01050	0.01167	0.00919	0.01229	0.01130	0.00747	0.57174	0.04596	0.14997	0.01292	0.07641	0.01004	0.02790	0.00493	0.00143	0.00439	0.00475	0.00446	0.00697
92	0.00804	0.00444	0.00607	0.00596	0.00645	0.00440	0.00414	0.00763	0.00740	0.08402	0.03898	0.17450	0.05349	0.10346	0.01294	0.41405	0.03490	0.00615	0.01986	0.00310
93	0.00766	0.00498	0.00570	0.01406	0.00660	0.00489	0.00389	0.06777	0.01021	0.01524	0.21916	0.08521	0.04149	0.17164	0.00770	0.00182	0.00280	0.00617	0.28441	0.03860
94	0.00742	0.00568	0.00671	0.00667	0.03471	0.00541	0.00458	0.10138	0.00991	0.01318	0.03228	0.26222	0.19873	0.17174	0.02624	0.00210	0.00341	0.00796	0.00357	0.09613

[dist]
# distance from previous block
# <min> <max>
0	11

[block]
# block no. 3 follows, 60 sequences, length 66
# corresponding to MSA columns:
# 314-379
name=unknown_D
#
# <colnr> <probs for GDERKNQSTAVLIFYWHMCP>
#	G	D	E	R	K	N	Q	S	T	A	V	L	I	F	Y	W	H	M	C	P
0	0.04270	0.35282	0.13466	0.03636	0.03143	0.01237	0.04986	0.05093	0.04391	0.17236	0.02768	0.01047	0.00787	0.00443	0.00370	0.00120	0.00478	0.00340	0.00290	0.00617
1	0.11148	0.03180	0.01172	0.17692	0.04632	0.15969	0.00831	0.17459	0.06017	0.09321	0.03074	0.01104	0.00790	0.00474	0.00402	0.00128	0.00507	0.00363	0.00317	0.05421
2	0.04983	0.06814	0.18335	0.00998	0.04261	0.01081	0.00907	0.16937	0.26351	0.07586	0.02295	0.04001	0.02450	0.00545	0.00423	0.00138	0.00443	0.00437	0.00360	0.00656
3	0.15381	0.00834	0.11485	0.08000	0.05144	0.00704	0.00723	0.04699	0.00906	0.01404	0.02849	0.38534	0.01670	0.00857	0.00472	0.00153	0.01627	0.00740	0.00320	0.03497
4	0.05190	0.00991	0.10590	0.03984	0.06481	0.00825	0.06221	0.06088	0.05098	0.40393	0.05213	0.01469	0.01087	0.00533	0.00458	0.00139	0.01840	0.02324	0.00410	0.00665
5	0.13037	0.07909	0.06131	0.00771	0.01064	0.01945	0.00667	0.08983	0.20193	0.15276	0.06933	0.01536	0.06069	0.00559	0.00402	0.00131	0.00372	0.00439	0.04058	0.03525
6	0.06544	0.00875	0.03102	0.03029	0.01097	0.03809	0.03055	0.17865	0.01178	0.07136	0.11948	0.09805	0.04458	0.00738	0.01621	0.00152	0.13531	0.02286	0.04319	0.03454
7	0.23857	0.00584	0.00664	0.02632	0.00785	0.00632	0.02370	0.02095	0.00768	0.01389	0.00982	0.05713	0.00880	0.00935	0.04654	0.24438	0.02857	0.00398	0.20155	0.03211
8	0.01055	0.00958	0.01561	0.16621	0.55533	0.01003	0.01214	0.01411	0.08870	0.04045	0.00972	0.01254	0.00791	0.00442	0.00438	0.00136	0.00505	0.02293	0.00249	0.00649
9	0.00945	0.03550	0.67869	0.01287	0.03922	0.02838	0.07052	0.01406	0.00951	0.04014	0.01765	0.00982	0.00623	0.00420	0.00421	0.00137	0.00634	0.00344	0.00204	0.00638
10	0.00813	0.00407	0.00407	0.00407	0.00508	0.00407	0.00305	0.01016	0.00915	0.01626	0.01423	0.01626	0.01118	0.00508	0.00305	0.00102	0.00203	0.00407	0.87093	0.00407
11	0.24918	0.00872	0.00939	0.00755	0.01054	0.00911	0.00619	0.22343	0.03677	0.30324	0.02660	0.01206	0.00892	0.00505	0.00385	0.00132	0.00375	0.00378	0.06417	0.00639
12	0.00546	0.00406	0.00546	0.00612	0.00660	0.00375	0.02099	0.00634	0.00863	0.01141	0.05306	0.69866	0.10528	0.03460	0.00593	0.00179	0.00263	0.01162	0.00400	0.00360
13	0.00813	0.00407	0.00407	0.00407	0.00508	0.00407	0.00305	0.01016	0.00915	0.01626	0.01423	0.01626	0.01118	0.00508	0.00305	0.00102	0.00203	0.00407	0.87093	0.00407
14	0.79825	0.00915	0.04143	0.01984	0.00940	0.00992	0.00544	0.03869	0.00795	0.01944	0.00632	0.00736	0.00486	0.00410	0.00284	0.00135	0.00359	0.00247	0.00270	0.00489
15	0.00909	0.06719	0.76675	0.01208	0.01833	0.01045	0.01548	0.01390	0.00925	0.02741	0.00789	0.00918	0.00562	0.00414	0.00407	0.00136	0.00630	0.00319	0.00190	0.00642
16	0.00758	0.00379	0.00568	0.00568	0.00568	0.00379	0.00379	0.00568	0.00568	0.00758	0.00758	0.01326	0.00758	0.01515	0.01705	0.87311	0.00379	0.00379	0.00189	0.00189
17	0.00904	0.00775	0.00904	0.00646	0.01034	0.00581	0.00517	0.01098	0.00904	0.01421	0.00775	0.00904	0.00646	0.00323	0.00323	0.00065	0.00323	0.00258	0.00258	0.87339
18	0.01095	0.00926	0.00979	0.00879	0.01126	0.01066	0.00684	0.02290	0.78380	0.03506	0.01810	0.01660	0.02434	0.00598	0.00445	0.00148	0.00344	0.00498	0.00445	0.00687
19	0.00695	0.00497	0.00694	0.00795	0.00892	0.00495	0.00690	0.00890	0.00997	0.01297	0.02313	0.08440	0.02527	0.01212	0.00600	0.00200	0.00395	0.75571	0.00402	0.00400
20	0.00940	0.00774	0.00908	0.00650	0.01036	0.00583	0.00521	0.01133	0.00916	0.04143	0.00807	0.00924	0.00661	0.00330	0.00327	0.00067	0.00325	0.00264	0.00268	0.84422
21	0.00954	0.00954	0.01336	0.01145	0.01145	0.01336	0.00954	0.01050	0.00668	0.01050	0.00573	0.00954	0.00573	0.00763	0.01431	0.00191	0.83874	0.00382	0.00191	0.00477
22	0.01221	0.00963	0.01037	0.00901	0.01165	0.01090	0.00715	0.17058	0.58943	0.05984	0.01656	0.01644	0.01255	0.00601	0.00449	0.00146	0.00374	0.03661	0.00445	0.00691
23	0.00626	0.00456	0.00518	0.00501	0.00639	0.00395	0.00376	0.00765	0.01068	0.05864	0.26408	0.08616	0.50144	0.01028	0.00513	0.00145	0.00227	0.00875	0.00434	0.00401
24	0.87753	0.00843	0.00641	0.00574	0.00843	0.00978	0.00472	0.01282	0.00742	0.01957	0.00607	0.00709	0.00472	0.00405	0.00270	0.00135	0.00337	0.00236	0.00270	0.00472
25	0.00813	0.00407	0.00407	0.00407	0.00508	0.00407	0.00305	0.01016	0.00915	0.01626	0.01423	0.01626	0.01118	0.00508	0.00305	0.00102	0.00203	0.00407	0.87093	0.00407
26	0.06569	0.01268	0.20596	0.12273	0.07207	0.01005	0.12405	0.14413	0.04409	0.03003	0.01049	0.02038	0.03932	0.00466	0.00427	0.00134	0.00530	0.00407	0.00274	0.07598
27	0.00954	0.00954	0.01336	0.01145	0.01145	0.01336	0.00954	0.01050	0.00668	0.01050	0.00573	0.00954	0.00573	0.00763	0.01431	0.00191	0.83874	0.00382	0.00191	0.00477
28	0.00602	0.00445	0.00561	0.00532	0.00642	0.00405	0.00399	0.00793	0.01198	0.01661	0.69807	0.03403	0.16085	0.00924	0.00515	0.00139	0.00208	0.00809	0.00469	0.00405
29	0.00634	0.00423	0.00476	0.00476	0.00476	0.00423	0.00264	0.00634	0.00634	0.00846	0.01374	0.02854	0.01586	0.84672	0.02220	0.00423	0.00423	0.00634	0.00264	0.00264
