[name]
unknown

[dist]
# distance from previous block
# <min> <max>
5	61

[block]
# block no. 0 follows, 52 sequences, length 9
# corresponding to MSA columns:
# 71-79
name=unknown_A
#
# <colnr> <probs for GDERKNQSTAVLIFYWHMCP>
#	G	D	E	R	K	N	Q	S	T	A	V	L	I	F	Y	W	H	M	C	P
0	0.01583	0.01845	0.01143	0.01049	0.01264	0.60855	0.00787	0.01733	0.01284	0.01341	0.00957	0.01107	0.00779	0.00516	0.00412	0.00122	0.00712	0.00347	0.21630	0.00534
1	0.00620	0.00462	0.00577	0.00613	0.00700	0.00419	0.00435	0.00763	0.01122	0.01500	0.30192	0.38195	0.20086	0.01271	0.00592	0.00174	0.00255	0.01126	0.00479	0.00419
2	0.05559	0.01262	0.01360	0.01059	0.01432	0.01385	0.00871	0.61377	0.08561	0.10257	0.01281	0.01247	0.00901	0.00584	0.00478	0.00148	0.00502	0.00443	0.00488	0.00806
3	0.00896	0.00581	0.00845	0.00792	0.00792	0.00687	0.00581	0.00765	0.00659	0.00923	0.00790	0.01370	0.00790	0.01474	0.01818	0.64451	0.20862	0.00422	0.00211	0.00290
4	0.00599	0.00449	0.00560	0.00644	0.00712	0.00409	0.00452	0.00703	0.00985	0.01270	0.03224	0.57765	0.22337	0.01433	0.00611	0.00190	0.00284	0.06524	0.00450	0.00401
5	0.00989	0.00692	0.00760	0.00675	0.00772	0.00728	0.00451	0.20136	0.01099	0.01469	0.01436	0.02669	0.01527	0.62346	0.01970	0.00389	0.00486	0.00638	0.00341	0.00426
6	0.01109	0.00984	0.01295	0.00998	0.01375	0.00923	0.11439	0.05422	0.23873	0.01766	0.01282	0.04232	0.01037	0.00506	0.00443	0.00120	0.00436	0.00449	0.00357	0.41953
7	0.00920	0.06975	0.55683	0.01154	0.01701	0.01007	0.01398	0.01374	0.01108	0.01613	0.20588	0.01658	0.01605	0.00590	0.00479	0.00150	0.00582	0.00482	0.00287	0.00646
8	0.00852	0.00927	0.08953	0.01173	0.01423	0.00761	0.24896	0.01087	0.01014	0.03083	0.03656	0.37600	0.04373	0.05155	0.00699	0.00193	0.02354	0.00931	0.00354	0.00515

[dist]
# distance from previous block
# <min> <max>
0	1

[block]
# block no. 1 follows, 52 sequences, length 30
# corresponding to MSA columns:
# 81-91,100-118
name=unknown_B
#
# <colnr> <probs for GDERKNQSTAVLIFYWHMCP>
#	G	D	E	R	K	N	Q	S	T	A	V	L	I	F	Y	W	H	M	C	P
0	0.01143	0.03035	0.01357	0.00955	0.01386	0.00812	0.12678	0.03859	0.02781	0.06848	0.00979	0.01111	0.00770	0.00398	0.00406	0.00096	0.00444	0.00354	0.00310	0.60277
1	0.15935	0.22044	0.14225	0.00945	0.01343	0.04321	0.00908	0.05046	0.16950	0.10743	0.02461	0.01196	0.00919	0.00519	0.00407	0.00141	0.00495	0.00380	0.00345	0.00677
2	0.00652	0.00475	0.00626	0.07501	0.00872	0.00475	0.00477	0.00732	0.00867	0.01148	0.02211	0.50210	0.03953	0.26143	0.01167	0.00276	0.00369	0.01087	0.00383	0.00376
3	0.01329	0.00942	0.01071	0.00834	0.01176	0.00904	0.00670	0.22549	0.06411	0.09498	0.03345	0.03526	0.01068	0.00541	0.00445	0.00118	0.01732	0.00429	0.09790	0.33624
4	0.06745	0.01046	0.04103	0.06461	0.04537	0.00964	0.29819	0.01712	0.01164	0.27882	0.01397	0.08265	0.01077	0.00583	0.00535	0.00161	0.01920	0.00570	0.00381	0.00677
5	0.00897	0.00828	0.01375	0.74918	0.03100	0.01025	0.01257	0.01193	0.00947	0.01213	0.00918	0.01451	0.00741	0.07473	0.00652	0.00188	0.00631	0.00454	0.00222	0.00518
6	0.00731	0.00523	0.00696	0.07554	0.00998	0.00505	0.00583	0.00885	0.01059	0.05040	0.08693	0.35069	0.19246	0.01253	0.00597	0.00186	0.00337	0.15158	0.00443	0.00444
7	0.01013	0.01285	0.16714	0.22466	0.07405	0.01081	0.22480	0.04562	0.01061	0.01463	0.00994	0.02452	0.00794	0.00916	0.11694	0.00246	0.02036	0.00482	0.00244	0.00614
8	0.02043	0.03714	0.07894	0.00905	0.01310	0.00787	0.00808	0.02261	0.01343	0.70972	0.01782	0.01567	0.01131	0.00582	0.00479	0.00149	0.00442	0.00469	0.00553	0.00809
9	0.02068	0.00828	0.01152	0.07720	0.01415	0.00743	0.00766	0.02266	0.01352	0.73585	0.01823	0.01619	0.01153	0.00590	0.00487	0.00151	0.00432	0.00483	0.00567	0.00800
10	0.23827	0.03157	0.01104	0.00840	0.01198	0.00955	0.00697	0.12995	0.01359	0.46916	0.01452	0.01334	0.00956	0.00554	0.00434	0.00148	0.00423	0.00416	0.00495	0.00742
11	0.02951	0.00954	0.01315	0.25764	0.03481	0.01024	0.03425	0.21030	0.01416	0.23042	0.01388	0.08248	0.01071	0.00625	0.00494	0.00156	0.00516	0.00530	0.01889	0.00682
12	0.01984	0.00939	0.01175	0.00912	0.01273	0.00901	0.00749	0.20125	0.04189	0.55335	0.05913	0.01646	0.01302	0.00618	0.00491	0.00150	0.00430	0.00498	0.00566	0.00803
13	0.86392	0.00937	0.00712	0.00637	0.00937	0.01087	0.00525	0.01425	0.00825	0.02174	0.00675	0.00787	0.00525	0.00450	0.00300	0.00150	0.00375	0.00262	0.00300	0.00525
14	0.00705	0.00470	0.00529	0.00529	0.00529	0.00470	0.00294	0.00705	0.00705	0.00940	0.01527	0.03171	0.01762	0.82969	0.02467	0.00470	0.00470	0.00705	0.00294	0.00294
15	0.12360	0.03793	0.18448	0.18359	0.12144	0.01175	0.21268	0.01442	0.01017	0.01545	0.00863	0.01138	0.00661	0.00458	0.00509	0.00157	0.03370	0.00425	0.00235	0.00635
16	0.02130	0.00815	0.01110	0.00855	0.01222	0.00705	0.00705	0.02319	0.01387	0.77956	0.04222	0.01708	0.01300	0.00611	0.00490	0.00150	0.00407	0.00499	0.00598	0.00814
17	0.01366	0.00646	0.00866	0.00725	0.00958	0.00574	0.00574	0.01576	0.01379	0.37738	0.44152	0.02720	0.03031	0.00812	0.00533	0.00151	0.00313	0.00699	0.00564	0.00625
18	0.00972	0.02507	0.80458	0.01381	0.02097	0.01125	0.01790	0.01535	0.01023	0.01535	0.00870	0.01023	0.00614	0.00460	0.00460	0.00153	0.00716	0.00358	0.00205	0.00716
19	0.01422	0.00672	0.00889	0.00756	0.00996	0.00604	0.00598	0.03847	0.01340	0.39441	0.26702	0.11522	0.05341	0.00868	0.00537	0.00158	0.00338	0.02786	0.00549	0.00635
20	0.16605	0.00845	0.01049	0.00818	0.01182	0.00774	0.00675	0.02160	0.01277	0.64024	0.01661	0.01478	0.01066	0.00565	0.00450	0.00147	0.00404	0.00441	0.00537	0.03839
21	0.00824	0.00427	0.00618	0.00618	0.00618	0.00427	0.00405	0.00641	0.00641	0.00854	0.00930	0.01691	0.00960	0.12131	0.01968	0.74921	0.00427	0.00457	0.00221	0.00221
22	0.00858	0.00713	0.00844	0.00688	0.00988	0.00559	0.00524	0.01030	0.00992	0.01465	0.01679	0.23339	0.07809	0.00742	0.00446	0.00113	0.00329	0.00641	0.00344	0.55898
23	0.00866	0.00610	0.03149	0.00803	0.00939	0.00627	0.00648	0.01050	0.00859	0.10149	0.01392	0.04019	0.01246	0.03139	0.67354	0.00673	0.01153	0.00534	0.00302	0.00485
24	0.19347	0.26468	0.05305	0.00844	0.01224	0.01239	0.00770	0.05375	0.04702	0.27395	0.02317	0.01183	0.00896	0.00512	0.00394	0.00136	0.00454	0.00370	0.00386	0.00686
25	0.01254	0.01380	0.25111	0.01005	0.01406	0.00997	0.03338	0.18469	0.08410	0.07501	0.01314	0.01401	0.00963	0.00543	0.00439	0.00141	0.00487	0.00435	0.24729	0.00675
26	0.03820	0.30087	0.08538	0.00865	0.01296	0.03382	0.00811	0.05965	0.03881	0.04366	0.00883	0.00977	0.00717	0.00426	0.00368	0.00104	0.00474	0.00309	0.00281	0.32450
27	0.01240	0.00700	0.00902	0.03338	0.01089	0.00595	0.00597	0.01410	0.01123	0.27186	0.04504	0.24222	0.04885	0.00821	0.00493	0.00141	0.00355	0.00711	0.00447	0.25238
28	0.03386	0.01608	0.29979	0.03675	0.05408	0.02765	0.13313	0.05759	0.11497	0.06549	0.01144	0.02923	0.00865	0.00506	0.00476	0.00148	0.00603	0.00446	0.00307	0.08643
29	0.01293	0.03530	0.46940	0.01236	0.01799	0.01006	0.06855	0.01732	0.02639	0.22143	0.02706	0.03882	0.00950	0.00540	0.00480	0.00154	0.00610	0.00451	0.00331	0.00724

[dist]
# distance from previous block
# <min> <max>
8	9

[block]
# block no. 2 follows, 52 sequences, length 11
# corresponding to MSA columns:
# 134-144
name=unknown_C
#
# <colnr> <probs for GDERKNQSTAVLIFYWHMCP>
#	G	D	E	R	K	N	Q	S	T	A	V	L	I	F	Y	W	H	M	C	P
0	0.70126	0.03681	0.00911	0.10075	0.04564	0.01116	0.00670	0.01407	0.00858	0.02007	0.00706	0.00862	0.00552	0.00452	0.00329	0.00149	0.00419	0.00289	0.00285	0.00540
1	0.00642	0.00461	0.00612	0.00667	0.00735	0.00431	0.00479	0.00792	0.01112	0.01523	0.31937	0.46456	0.03692	0.01303	0.00605	0.00182	0.00274	0.07194	0.00481	0.00422
2	0.01046	0.07117	0.37311	0.24488	0.02430	0.01197	0.12732	0.05347	0.01086	0.01503	0.00885	0.01133	0.00652	0.00463	0.00475	0.00154	0.00688	0.00408	0.00228	0.00655
3	0.00646	0.00471	0.00604	0.00636	0.00720	0.00436	0.00460	0.00803	0.01143	0.01555	0.36425	0.32536	0.11683	0.04097	0.00661	0.00185	0.00271	0.05764	0.00481	0.00423
4	0.00902	0.00543	0.00717	0.00646	0.00799	0.00494	0.00494	0.01125	0.01374	0.13332	0.68383	0.03333	0.04082	0.00934	0.00559	0.00152	0.00255	0.00820	0.00543	0.00511
5	0.00596	0.00426	0.00567	0.00671	0.00704	0.00397	0.00450	0.00688	0.00953	0.01277	0.06984	0.78227	0.03282	0.01489	0.00616	0.00194	0.00278	0.01350	0.00455	0.00397
6	0.00577	0.00475	0.00507	0.00532	0.00665	0.00406	0.00387	0.00691	0.01065	0.01293	0.04404	0.22266	0.62474	0.01293	0.00583	0.00171	0.00254	0.01103	0.00450	0.00406
7	0.01810	0.02310	0.01373	0.01248	0.01498	0.81024	0.00936	0.01935	0.01373	0.01186	0.00749	0.00874	0.00624	0.00499	0.00437	0.00125	0.00874	0.00312	0.00250	0.00562
8	0.01241	0.01059	0.01116	0.00993	0.01274	0.01222	0.00776	0.06847	0.74740	0.02085	0.01927	0.01772	0.01442	0.00653	0.00493	0.00163	0.00392	0.00542	0.00493	0.00770
9	0.01005	0.00861	0.01005	0.00718	0.01148	0.00646	0.00574	0.01220	0.01005	0.01579	0.00861	0.01005	0.00718	0.00359	0.00359	0.00072	0.00359	0.00287	0.00287	0.85932
10	0.00987	0.00855	0.01057	0.00771	0.01181	0.00656	0.03819	0.01202	0.01006	0.01558	0.00971	0.05753	0.00863	0.00428	0.00383	0.00083	0.00374	0.00362	0.00295	0.77398

[dist]
# distance from previous block
# <min> <max>
1	27

[block]
# block no. 3 follows, 52 sequences, length 27
# corresponding to MSA columns:
# 194-199,202-222
name=unknown_D
#
# <colnr> <probs for GDERKNQSTAVLIFYWHMCP>
#	G	D	E	R	K	N	Q	S	T	A	V	L	I	F	Y	W	H	M	C	P
0	0.01427	0.53746	0.02063	0.00931	0.01284	0.24167	0.00832	0.01573	0.01112	0.03348	0.00952	0.01033	0.04801	0.00486	0.00365	0.00114	0.00602	0.00321	0.00243	0.00599
1	0.00932	0.00808	0.01328	0.12551	0.05571	0.00807	0.16848	0.01278	0.07977	0.05047	0.14803	0.14419	0.10994	0.00824	0.00549	0.00164	0.00466	0.02152	0.00385	0.02097
2	0.02946	0.06369	0.32527	0.05834	0.26916	0.01139	0.03715	0.01612	0.03238	0.09688	0.01009	0.01169	0.00751	0.00468	0.00463	0.00148	0.00612	0.00403	0.00269	0.00725
3	0.04410	0.01021	0.02635	0.09859	0.30525	0.03287	0.01076	0.03295	0.01220	0.33432	0.01352	0.03614	0.00984	0.00541	0.00480	0.00149	0.00512	0.00470	0.00395	0.00743
4	0.83947	0.00935	0.00733	0.02959	0.01006	0.01087	0.00548	0.01419	0.00829	0.02147	0.00680	0.00802	0.00528	0.00451	0.00305	0.00150	0.00383	0.00267	0.00297	0.00525
5	0.01108	0.36541	0.47619	0.01149	0.01738	0.01459	0.01385	0.01499	0.01007	0.01368	0.00787	0.00920	0.00617	0.00441	0.00397	0.00132	0.00633	0.00316	0.00206	0.00676
6	0.00700	0.00539	0.00665	0.00769	0.00833	0.03521	0.00578	0.00832	0.01007	0.01306	0.02563	0.54045	0.02969	0.01420	0.00628	0.00203	0.00358	0.26208	0.00441	0.00417
7	0.86392	0.00937	0.00712	0.00637	0.00937	0.01087	0.00525	0.01425	0.00825	0.02174	0.00675	0.00787	0.00525	0.00450	0.00300	0.00150	0.00375	0.00262	0.00300	0.00525
8	0.00590	0.00422	0.00562	0.00675	0.00703	0.00394	0.00450	0.00675	0.00928	0.01237	0.02671	0.82653	0.03205	0.01518	0.00619	0.00197	0.00281	0.01378	0.00450	0.00394
9	0.70939	0.00906	0.00769	0.00667	0.00973	0.01011	0.00549	0.01561	0.00917	0.14253	0.00892	0.00950	0.00650	0.00476	0.00330	0.00149	0.00376	0.00303	0.02761	0.00569
10	0.02174	0.00825	0.01125	0.00862	0.01237	0.00712	0.00712	0.02362	0.01387	0.80282	0.01912	0.01649	0.01200	0.00600	0.00487	0.00150	0.00412	0.00487	0.00600	0.00825
11	0.00677	0.00491	0.00638	0.00609	0.00720	0.00452	0.00454	0.00894	0.01339	0.01884	0.72986	0.07679	0.07305	0.01026	0.00574	0.00155	0.00232	0.00907	0.00526	0.00452
12	0.00988	0.00842	0.00986	0.00712	0.01126	0.00636	0.00568	0.01204	0.01024	0.01598	0.05008	0.01142	0.00921	0.00392	0.00370	0.00076	0.00352	0.00318	0.00300	0.81435
13	0.78947	0.00975	0.03601	0.00677	0.00983	0.01062	0.00584	0.01407	0.00847	0.02114	0.00778	0.01034	0.00643	0.00495	0.00324	0.00154	0.00391	0.04153	0.00304	0.00528
14	0.00954	0.00923	0.01627	0.69290	0.07396	0.01096	0.09304	0.01284	0.00994	0.01289	0.00876	0.01289	0.00662	0.00474	0.00493	0.00161	0.00660	0.00445	0.00220	0.00563
15	0.01069	0.01831	0.36723	0.01754	0.02343	0.01182	0.44848	0.01545	0.01091	0.01545	0.00932	0.01183	0.00682	0.00431	0.00523	0.00159	0.00773	0.00479	0.00227	0.00681
16	0.03429	0.12053	0.09773	0.01057	0.03007	0.00983	0.08611	0.01874	0.01206	0.40429	0.02969	0.02946	0.01054	0.00548	0.00481	0.00142	0.01990	0.00456	0.00424	0.06567
17	0.01463	0.18980	0.36105	0.01082	0.01615	0.01148	0.01208	0.01808	0.01143	0.29133	0.01195	0.01191	0.00821	0.00500	0.00438	0.00142	0.00568	0.00383	0.00344	0.00734
18	0.00705	0.00470	0.00529	0.00529	0.00529	0.00470	0.00294	0.00705	0.00705	0.00940	0.01527	0.03171	0.01762	0.82969	0.02467	0.00470	0.00470	0.00705	0.00294	0.00294
19	0.00939	0.00892	0.01526	0.74701	0.07883	0.01086	0.03668	0.01262	0.00982	0.01268	0.00868	0.01287	0.00656	0.00479	0.00487	0.00161	0.00647	0.00435	0.00218	0.00555
20	0.01150	0.02904	0.31261	0.06284	0.07070	0.01180	0.26719	0.05667	0.07061	0.04425	0.01041	0.01229	0.00763	0.00468	0.00502	0.00156	0.00688	0.00459	0.00271	0.00700
21	0.76022	0.00943	0.00775	0.00674	0.00984	0.01070	0.00555	0.04289	0.00926	0.08987	0.00800	0.00876	0.00594	0.00468	0.00323	0.00150	0.00384	0.00288	0.00333	0.00562
22	0.00590	0.00422	0.00562	0.00675	0.00703	0.00394	0.00450	0.00675	0.00928	0.01237	0.02671	0.82653	0.03205	0.01518	0.00619	0.00197	0.00281	0.01378	0.00450	0.00394
23	0.01345	0.30493	0.33977	0.01075	0.01597	0.03319	0.01200	0.01699	0.02842	0.16655	0.01025	0.01072	0.00750	0.00477	0.00413	0.00135	0.00584	0.00352	0.00290	0.00701
24	0.00952	0.00930	0.05704	0.02849	0.01532	0.00828	0.27016	0.06231	0.02452	0.04047	0.04294	0.37153	0.01969	0.00941	0.00575	0.00176	0.00515	0.00910	0.00373	0.00553
25	0.02096	0.00854	0.01131	0.00877	0.01245	0.00768	0.00721	0.04267	0.07044	0.72684	0.01898	0.01649	0.01211	0.00604	0.00488	0.00151	0.00413	0.00490	0.00589	0.00821
26	0.00668	0.00489	0.00628	0.00613	0.00723	0.00449	0.00457	0.00872	0.01294	0.01800	0.62987	0.12264	0.10941	0.01077	0.00579	0.00160	0.00241	0.02799	0.00515	0.00446

[dist]
# distance from previous block
# <min> <max>
0	25

[block]
# block no. 4 follows, 52 sequences, length 25
# corresponding to MSA columns:
# 258-282
name=unknown_E
#
# <colnr> <probs for GDERKNQSTAVLIFYWHMCP>
#	G	D	E	R	K	N	Q	S	T	A	V	L	I	F	Y	W	H	M	C	P
0	0.01093	0.04977	0.05036	0.08524	0.23352	0.03033	0.14958	0.04961	0.01105	0.03808	0.01281	0.14109	0.01209	0.00851	0.05634	0.00199	0.02374	0.02573	0.00297	0.00625
1	0.00691	0.00503	0.00740	0.00750	0.00823	0.00571	0.00567	0.00829	0.00781	0.01112	0.01410	0.09146	0.01399	0.07327	0.66201	0.04735	0.01124	0.00600	0.00276	0.00412
2	0.05864	0.00830	0.01107	0.00852	0.01224	0.00729	0.00704	0.02321	0.01362	0.76859	0.01858	0.01612	0.01170	0.00593	0.00479	0.00150	0.00411	0.00477	0.00587	0.00812
3	0.01225	0.01077	0.01791	0.20854	0.51963	0.01125	0.03050	0.05119	0.01147	0.06550	0.00977	0.01250	0.00769	0.00461	0.00484	0.00149	0.00585	0.00438	0.00269	0.00719
4	0.03974	0.07158	0.07114	0.00880	0.01243	0.00886	0.00772	0.03789	0.08765	0.50063	0.01750	0.01693	0.03178	0.05803	0.00595	0.00169	0.00441	0.00487	0.00497	0.00744
5	0.00602	0.00431	0.00573	0.00667	0.00705	0.00401	0.00451	0.00704	0.00982	0.01323	0.12026	0.73054	0.03371	0.01454	0.00613	0.00191	0.00275	0.01317	0.00460	0.00401
6	0.33707	0.21517	0.03076	0.06179	0.07163	0.10227	0.05255	0.03215	0.01008	0.01653	0.00743	0.00906	0.00609	0.00458	0.00398	0.00138	0.02581	0.00318	0.00259	0.00590
7	0.00884	0.00450	0.00459	0.00466	0.00573	0.00448	0.00346	0.01100	0.01011	0.01771	0.01650	0.06920	0.01366	0.00625	0.00356	0.00118	0.00229	0.00510	0.80270	0.00448
8	0.01141	0.11354	0.01620	0.07760	0.29077	0.01105	0.01032	0.04546	0.01071	0.01534	0.00854	0.01077	0.00717	0.00441	0.00489	0.00120	0.05681	0.00360	0.00258	0.29763
9	0.00934	0.00868	0.01468	0.68761	0.03050	0.01047	0.05340	0.02774	0.01017	0.01310	0.01026	0.01663	0.00846	0.00559	0.00506	0.00167	0.00635	0.07245	0.00243	0.00542
10	0.00578	0.00491	0.00498	0.00497	0.00658	0.00411	0.00372	0.00706	0.01117	0.01340	0.08515	0.04613	0.76124	0.01216	0.00573	0.00163	0.00245	0.01016	0.00454	0.00411
11	0.01060	0.01060	0.01484	0.01272	0.01272	0.01484	0.01060	0.01166	0.00742	0.01166	0.00636	0.01060	0.00636	0.00848	0.01590	0.00212	0.82082	0.00424	0.00212	0.00530
12	0.00597	0.00435	0.00563	0.00652	0.00700	0.00401	0.00443	0.00697	0.00983	0.01304	0.09469	0.68506	0.10574	0.01446	0.00610	0.00190	0.00273	0.01301	0.00457	0.00401
13	0.00774	0.00553	0.00773	0.00885	0.00993	0.00552	0.00769	0.00992	0.01109	0.01443	0.02570	0.08197	0.02804	0.01345	0.00668	0.00222	0.00440	0.74020	0.00446	0.00444
14	0.02174	0.00825	0.01125	0.00862	0.01237	0.00712	0.00712	0.02362	0.01387	0.80282	0.01912	0.01649	0.01200	0.00600	0.00487	0.00150	0.00412	0.00487	0.00600	0.00825
15	0.86392	0.00937	0.00712	0.00637	0.00937	0.01087	0.00525	0.01425	0.00825	0.02174	0.00675	0.00787	0.00525	0.00450	0.00300	0.00150	0.00375	0.00262	0.00300	0.00525
16	0.00915	0.00861	0.01453	0.81804	0.03338	0.01077	0.01346	0.01238	0.00969	0.01238	0.00861	0.01292	0.00646	0.00484	0.00484	0.00161	0.00646	0.00431	0.00215	0.00538
17	0.00668	0.00492	0.00617	0.00590	0.00703	0.00449	0.00436	0.00866	0.01288	0.01782	0.62886	0.05578	0.15493	0.05220	0.00669	0.00171	0.00245	0.00901	0.00507	0.00440
18	0.01005	0.00861	0.01005	0.00718	0.01148	0.00646	0.00574	0.01220	0.01005	0.01579	0.00861	0.01005	0.00718	0.00359	0.00359	0.00072	0.00359	0.00287	0.00287	0.85932
19	0.01065	0.00844	0.03304	0.08081	0.02737	0.00789	0.16790	0.01377	0.05200	0.13112	0.16843	0.13020	0.04264	0.00814	0.00564	0.00166	0.01475	0.06356	0.00411	0.02791
20	0.73916	0.13007	0.00980	0.00665	0.00982	0.01209	0.00569	0.01428	0.00848	0.02023	0.00675	0.00786	0.00539	0.00445	0.00302	0.00143	0.00396	0.00262	0.00286	0.00539
21	0.01726	0.00909	0.01162	0.00937	0.01256	0.00891	0.03226	0.18623	0.07365	0.41039	0.05229	0.09518	0.01524	0.00727	0.00513	0.00158	0.00430	0.03492	0.00532	0.00743
22	0.01236	0.43019	0.18200	0.01166	0.03586	0.03185	0.07729	0.03409	0.01034	0.03363	0.00788	0.00948	0.00655	0.00481	0.00517	0.00134	0.09334	0.00340	0.00229	0.00647
23	0.02704	0.00881	0.01459	0.68864	0.04362	0.01077	0.03430	0.01256	0.00968	0.02385	0.00901	0.02838	0.00706	0.00518	0.00536	0.00163	0.04479	0.00448	0.00229	0.01797
24	0.03310	0.03255	0.11305	0.01047	0.02913	0.00947	0.06083	0.07980	0.08903	0.34103	0.03510	0.01681	0.06074	0.00611	0.00512	0.00151	0.02596	0.00502	0.01583	0.02932

[dist]
# distance from previous block
# <min> <max>
0	1

[block]
# block no. 5 follows, 52 sequences, length 49
# corresponding to MSA columns:
# 284-332
name=unknown_F
#
# <colnr> <probs for GDERKNQSTAVLIFYWHMCP>
#	G	D	E	R	K	N	Q	S	T	A	V	L	I	F	Y	W	H	M	C	P
0	0.01812	0.00924	0.05058	0.00880	0.01223	0.00805	0.00744	0.07806	0.08670	0.53142	0.05143	0.02968	0.01372	0.04695	0.00587	0.00167	0.00423	0.00523	0.02300	0.00758
1	0.00745	0.00519	0.00658	0.00613	0.00747	0.00476	0.00463	0.00981	0.02794	0.05152	0.66261	0.03625	0.13139	0.00996	0.00567	0.00154	0.00241	0.00871	0.00526	0.00473
2	0.03112	0.00991	0.05143	0.16970	0.05892	0.00944	0.00935	0.11417	0.06335	0.34825	0.03400	0.01653	0.04993	0.00600	0.00488	0.00153	0.00482	0.00496	0.00450	0.00722
3	0.23195	0.00993	0.02506	0.08695	0.18160	0.01027	0.08455	0.05274	0.05093	0.08156	0.05137	0.01707	0.01149	0.00587	0.00467	0.00159	0.00501	0.07764	0.00342	0.00633
4	0.01046	0.06727	0.69265	0.01385	0.03807	0.02460	0.03309	0.01560	0.01042	0.03779	0.00891	0.01036	0.00637	0.00461	0.00456	0.00150	0.00698	0.00362	0.00219	0.00712
5	0.00781	0.00558	0.00781	0.00892	0.01004	0.00558	0.00781	0.01004	0.01116	0.01450	0.02566	0.05466	0.02789	0.01339	0.00669	0.00223	0.00446	0.76685	0.00446	0.00446
6	0.00972	0.02507	0.80458	0.01381	0.02097	0.01125	0.01790	0.01535	0.01023	0.01535	0.00870	0.01023	0.00614	0.00460	0.00460	0.00153	0.00716	0.00358	0.00205	0.00716
7	0.01573	0.08720	0.09105	0.00949	0.01313	0.02630	0.00846	0.04608	0.24571	0.32455	0.01723	0.01677	0.02458	0.00613	0.00472	0.00151	0.00451	0.02518	0.02420	0.00747
8	0.00936	0.00754	0.00855	0.00780	0.00973	0.00806	0.00599	0.03732	0.34858	0.01980	0.40505	0.02822	0.06717	0.00847	0.00535	0.00158	0.00304	0.00730	0.00511	0.00598
9	0.00702	0.00469	0.00529	0.00532	0.00533	0.00468	0.00297	0.00704	0.00710	0.00947	0.01555	0.05092	0.01797	0.81001	0.02422	0.00463	0.00465	0.00721	0.00297	0.00296
10	0.00615	0.00473	0.00562	0.00581	0.00691	0.00421	0.00420	0.00761	0.01143	0.01496	0.28710	0.26027	0.33895	0.01231	0.00585	0.00169	0.00250	0.01074	0.00477	0.00421
11	0.01065	0.05008	0.45552	0.05629	0.05554	0.01176	0.24526	0.01536	0.01065	0.03013	0.00917	0.01132	0.00670	0.00446	0.00491	0.00154	0.00724	0.00427	0.00226	0.00689
12	0.01810	0.02310	0.01373	0.01248	0.01498	0.81024	0.00936	0.01935	0.01373	0.01186	0.00749	0.00874	0.00624	0.00499	0.00437	0.00125	0.00874	0.00312	0.00250	0.00562
13	0.00590	0.00422	0.00562	0.00675	0.00703	0.00394	0.00450	0.00675	0.00928	0.01237	0.02671	0.82653	0.03205	0.01518	0.00619	0.00197	0.00281	0.01378	0.00450	0.00394
14	0.01106	0.01139	0.04176	0.47677	0.19906	0.07452	0.05134	0.05049	0.01103	0.01422	0.00884	0.01224	0.00683	0.00474	0.00483	0.00154	0.00654	0.00426	0.00237	0.00616
15	0.00837	0.00728	0.01038	0.00955	0.01001	0.00941	0.00762	0.00972	0.00759	0.01128	0.01055	0.01662	0.01025	0.08141	0.44344	0.00535	0.32918	0.00495	0.00243	0.00461
16	0.02148	0.00831	0.01124	0.00866	0.01238	0.00726	0.00714	0.02367	0.03507	0.78146	0.01913	0.01654	0.01207	0.00601	0.00487	0.00150	0.00412	0.00489	0.00597	0.00823
17	0.02163	0.00843	0.01136	0.00871	0.01246	0.00739	0.00719	0.04914	0.01417	0.77687	0.01887	0.01633	0.01187	0.00599	0.00487	0.00150	0.00416	0.00486	0.00596	0.00825
18	0.23574	0.54932	0.04603	0.00904	0.05119	0.01636	0.00814	0.01449	0.00950	0.01446	0.00692	0.00809	0.00603	0.00426	0.00321	0.00119	0.00490	0.00272	0.00233	0.00607
19	0.00650	0.00489	0.00603	0.00599	0.00717	0.00442	0.00449	0.00834	0.01238	0.01670	0.47258	0.12885	0.24350	0.01130	0.00582	0.00164	0.00250	0.04755	0.00497	0.00437
20	0.00590	0.00422	0.00562	0.00675	0.00703	0.00394	0.00450	0.00675	0.00928	0.01237	0.02671	0.82653	0.03205	0.01518	0.00619	0.00197	0.00281	0.01378	0.00450	0.00394
21	0.06083	0.01105	0.03772	0.00993	0.01374	0.01077	0.02585	0.32390	0.03815	0.37695	0.03152	0.01433	0.01067	0.00586	0.00480	0.00149	0.00473	0.00464	0.00514	0.00793
22	0.01151	0.01323	0.08024	0.07418	0.32865	0.02641	0.36290	0.01513	0.01112	0.01536	0.00934	0.01235	0.00731	0.00428	0.00520	0.00154	0.00705	0.00488	0.00238	0.00694
23	0.01042	0.02356	0.72455	0.01420	0.04573	0.01108	0.03258	0.01574	0.01046	0.05427	0.00925	0.01065	0.00650	0.00465	0.00465	0.00153	0.00699	0.00371	0.00226	0.00722
24	0.42366	0.07675	0.05230	0.00926	0.01241	0.29928	0.00774	0.04185	0.01093	0.01738	0.00728	0.00842	0.00582	0.00470	0.00365	0.00137	0.00588	0.00291	0.00276	0.00565
25	0.00632	0.00479	0.00593	0.00669	0.00762	0.00440	0.00506	0.00764	0.01033	0.01314	0.03383	0.37639	0.28341	0.01377	0.00616	0.00192	0.00311	0.20088	0.00449	0.00412
26	0.00837	0.00705	0.02313	0.00753	0.00925	0.00705	0.00583	0.01413	0.26966	0.01755	0.28271	0.15372	0.13071	0.00994	0.00554	0.00167	0.00307	0.03274	0.00487	0.00548
27	0.86392	0.00937	0.00712	0.00637	0.00937	0.01087	0.00525	0.01425	0.00825	0.02174	0.00675	0.00787	0.00525	0.00450	0.00300	0.00150	0.00375	0.00262	0.00300	0.00525
28	0.00590	0.00422	0.00562	0.00675	0.00703	0.00394	0.00450	0.00675	0.00928	0.01237	0.02671	0.82653	0.03205	0.01518	0.00619	0.00197	0.00281	0.01378	0.00450	0.00394
29	0.00595	0.00462	0.00542	0.00585	0.00684	0.00409	0.00415	0.00714	0.01062	0.01359	0.13461	0.38219	0.37117	0.01323	0.00592	0.00177	0.00259	0.01157	0.00461	0.00409
30	0.00972	0.02507	0.80458	0.01381	0.02097	0.01125	0.01790	0.01535	0.01023	0.01535	0.00870	0.01023	0.00614	0.00460	0.00460	0.00153	0.00716	0.00358	0.00205	0.00716
31	0.01005	0.00861	0.01005	0.00718	0.01148	0.00646	0.00574	0.01220	0.01005	0.01579	0.00861	0.01005	0.00718	0.00359	0.00359	0.00072	0.00359	0.00287	0.00287	0.85932
32	0.00573	0.00491	0.00491	0.00491	0.00655	0.00409	0.00368	0.00695	0.01105	0.01309	0.04909	0.04664	0.79750	0.01227	0.00573	0.00164	0.00245	0.01023	0.00450	0.00409
33	0.01810	0.02310	0.01373	0.01248	0.01498	0.81024	0.00936	0.01935	0.01373	0.01186	0.00749	0.00874	0.00624	0.00499	0.00437	0.00125	0.00874	0.00312	0.00250	0.00562
34	0.01409	0.01257	0.01203	0.01044	0.01339	0.10741	0.00819	0.18204	0.53929	0.02140	0.01659	0.01564	0.01242	0.00623	0.00485	0.00156	0.00473	0.00497	0.00462	0.00755
35	0.00906	0.00854	0.01454	0.75276	0.03182	0.01048	0.03731	0.01220	0.00972	0.01248	0.00954	0.05311	0.00775	0.00533	0.00494	0.00163	0.00633	0.00482	0.00228	0.00535
36	0.00609	0.00502	0.00530	0.00529	0.00681	0.00433	0.00394	0.02204	0.01137	0.01396	0.11622	0.11011	0.64836	0.01217	0.00575	0.00165	0.00252	0.01027	0.00458	0.00420
37	0.01243	0.01060	0.01117	0.00994	0.01274	0.01223	0.00776	0.07036	0.74548	0.02088	0.01925	0.01770	0.01441	0.00653	0.00493	0.00163	0.00392	0.00541	0.00493	0.00770
38	0.01280	0.79272	0.06388	0.00856	0.01286	0.01878	0.00877	0.01455	0.00987	0.01160	0.00683	0.00790	0.00621	0.00417	0.00318	0.00106	0.00528	0.00264	0.00207	0.00627
39	0.01083	0.00863	0.01024	0.00740	0.01157	0.00669	0.00594	0.01294	0.01024	0.06727	0.00925	0.01048	0.00747	0.00386	0.00395	0.00080	0.02214	0.00303	0.00306	0.78419
40	0.01079	0.01078	0.01762	0.50064	0.02831	0.07282	0.19823	0.01393	0.01049	0.03855	0.00938	0.02597	0.00725	0.00498	0.00536	0.00161	0.03038	0.00473	0.00241	0.00575
41	0.00692	0.00519	0.00779	0.00779	0.00865	0.00606	0.00606	0.00865	0.00779	0.01125	0.01298	0.01904	0.01211	0.03634	0.81049	0.00779	0.01298	0.00519	0.00260	0.00433
42	0.00704	0.00474	0.00550	0.00550	0.00557	0.00481	0.00320	0.00718	0.00711	0.00955	0.01508	0.03064	0.01715	0.76288	0.09085	0.00496	0.00540	0.00689	0.00291	0.00305
43	0.00590	0.00422	0.00562	0.00675	0.00703	0.00394	0.00450	0.00675	0.00928	0.01237	0.02671	0.82653	0.03205	0.01518	0.00619	0.00197	0.00281	0.01378	0.00450	0.00394
44	0.01450	0.52299	0.02081	0.00960	0.01324	0.20693	0.00857	0.06975	0.06857	0.01348	0.00820	0.00902	0.00699	0.00464	0.00366	0.00116	0.00594	0.00305	0.00257	0.00632
45	0.01475	0.01175	0.01248	0.01041	0.01363	0.01331	0.00832	0.34654	0.46553	0.02462	0.01630	0.01535	0.01202	0.00625	0.00490	0.00156	0.00447	0.00501	0.00490	0.00791
46	0.01005	0.00861	0.01005	0.00718	0.01148	0.00646	0.00574	0.01220	0.01005	0.01579	0.00861	0.01005	0.00718	0.00359	0.00359	0.00072	0.00359	0.00287	0.00287	0.85932
47	0.01085	0.01198	0.04665	0.03893	0.01844	0.01361	0.30758	0.01329	0.00913	0.01329	0.00783	0.01161	0.00674	0.00656	0.01129	0.00190	0.45745	0.00479	0.00225	0.00584
48	0.01141	0.05367	0.02676	0.01888	0.02315	0.01292	0.64924	0.01500	0.01087	0.01485	0.00923	0.01251	0.00718	0.00462	0.00683	0.00166	0.10709	0.00538	0.00239	0.00637

[dist]
# distance from previous block
# <min> <max>
0	5

[block]
# block no. 6 follows, 52 sequences, length 17
# corresponding to MSA columns:
# 338-354
name=unknown_G
#
# <colnr> <probs for GDERKNQSTAVLIFYWHMCP>
#	G	D	E	R	K	N	Q	S	T	A	V	L	I	F	Y	W	H	M	C	P
0	0.02174	0.00825	0.01125	0.00862	0.01237	0.00712	0.00712	0.02362	0.01387	0.80282	0.01912	0.01649	0.01200	0.00600	0.00487	0.00150	0.00412	0.00487	0.00600	0.00825
1	0.01991	0.00899	0.05006	0.00876	0.01248	0.00737	0.00752	0.04536	0.01395	0.68051	0.07782	0.01754	0.01417	0.00622	0.00492	0.00150	0.00417	0.00509	0.00572	0.00791
2	0.03340	0.05124	0.04682	0.01018	0.05164	0.00874	0.03067	0.04509	0.05981	0.53732	0.06131	0.01638	0.01296	0.00593	0.00481	0.00149	0.00442	0.00490	0.00516	0.00772
3	0.00578	0.00491	0.00498	0.00496	0.00658	0.00411	0.00372	0.00706	0.01117	0.01339	0.08409	0.04615	0.76231	0.01216	0.00573	0.00163	0.00245	0.01016	0.00454	0.00411
4	0.00590	0.00422	0.00562	0.00675	0.00703	0.00394	0.00450	0.00675	0.00928	0.01237	0.02671	0.82653	0.03205	0.01518	0.00619	0.00197	0.00281	0.01378	0.00450	0.00394
5	0.07634	0.01583	0.24588	0.04523	0.09649	0.01182	0.38337	0.01509	0.01063	0.01576	0.00905	0.01169	0.00682	0.00444	0.00537	0.00159	0.03095	0.00465	0.00235	0.00665
6	0.01182	0.01132	0.01940	0.11642	0.65509	0.01156	0.05234	0.03527	0.01122	0.01583	0.00916	0.01214	0.00754	0.00441	0.00485	0.00147	0.00594	0.00439	0.00244	0.00738
7	0.00686	0.00495	0.00648	0.00610	0.00724	0.00457	0.00457	0.00914	0.01372	0.01943	0.79691	0.03620	0.04572	0.00991	0.00572	0.00152	0.00229	0.00876	0.00533	0.00457
8	0.55218	0.18988	0.01201	0.00779	0.03517	0.01227	0.00644	0.01542	0.00934	0.11053	0.00826	0.00899	0.00633	0.00459	0.00330	0.00140	0.00417	0.00293	0.00313	0.00589
9	0.01103	0.01068	0.01533	0.41495	0.14200	0.05978	0.01250	0.06107	0.01043	0.01384	0.00829	0.01192	0.00672	0.00567	0.00736	0.00167	0.19425	0.00423	0.00237	0.00590
10	0.01123	0.05837	0.01151	0.00772	0.01197	0.00825	0.00631	0.10558	0.01158	0.01731	0.00887	0.01010	0.00725	0.00389	0.00371	0.00083	0.00389	0.00303	0.00306	0.70552
11	0.01815	0.02180	0.01384	0.01230	0.01499	0.70176	0.00934	0.12357	0.01497	0.01441	0.00806	0.00913	0.00651	0.00511	0.00443	0.00128	0.00827	0.00329	0.00282	0.00598
12	0.00610	0.00467	0.00565	0.00634	0.00725	0.00422	0.00464	0.00727	0.01021	0.01293	0.03509	0.42459	0.32301	0.01383	0.00608	0.00188	0.00290	0.11478	0.00449	0.00407
13	0.01154	0.01153	0.02111	0.11913	0.53420	0.01160	0.18941	0.01473	0.01097	0.01536	0.00921	0.01235	0.00746	0.00433	0.00501	0.00150	0.00639	0.00464	0.00238	0.00715
14	0.00607	0.00434	0.00582	0.00694	0.00730	0.00408	0.00479	0.00704	0.00945	0.01256	0.02662	0.75760	0.03168	0.01502	0.00623	0.00199	0.00296	0.08103	0.00450	0.00398
15	0.01144	0.01307	0.02859	0.02042	0.02533	0.01225	0.78186	0.01552	0.01144	0.01552	0.00980	0.01307	0.00735	0.00408	0.00572	0.00163	0.00817	0.00572	0.00245	0.00654
16	0.00727	0.00519	0.00719	0.00831	0.00918	0.00511	0.00687	0.00910	0.01062	0.01390	0.02596	0.27416	0.02907	0.01390	0.00655	0.00216	0.00399	0.55269	0.00447	0.00431

[dist]
# distance from previous block
# <min> <max>
0	3

[block]
# block no. 7 follows, 52 sequences, length 86
# corresponding to MSA columns:
# 358-369,391-396,401-404,406-456,458-470
name=unknown_H
#
# <colnr> <probs for GDERKNQSTAVLIFYWHMCP>
#	G	D	E	R	K	N	Q	S	T	A	V	L	I	F	Y	W	H	M	C	P
0	0.01296	0.83261	0.02539	0.00829	0.01244	0.01917	0.00829	0.01451	0.00985	0.01140	0.00674	0.00777	0.00622	0.00415	0.00311	0.00104	0.00518	0.00259	0.00207	0.00622
1	0.00617	0.00478	0.00561	0.00580	0.00694	0.00425	0.00424	0.00762	0.01132	0.01468	0.25259	0.22666	0.37027	0.02614	0.00618	0.00175	0.00259	0.03353	0.00471	0.00418
2	0.00703	0.00475	0.00556	0.00556	0.00566	0.00485	0.00328	0.00723	0.00713	0.00960	0.01501	0.03030	0.01700	0.74109	0.11243	0.00504	0.00562	0.00684	0.00290	0.00309
3	0.01060	0.01060	0.01484	0.01272	0.01272	0.01484	0.01060	0.01166	0.00742	0.01166	0.00636	0.01060	0.00636	0.00848	0.01590	0.00212	0.82082	0.00424	0.00212	0.00530
4	0.00855	0.00427	0.00593	0.00593	0.00617	0.00427	0.00403	0.00737	0.00713	0.01046	0.00998	0.01544	0.00927	0.01446	0.01564	0.67707	0.00380	0.00427	0.18332	0.00262
5	0.01144	0.01307	0.02859	0.02042	0.02533	0.01225	0.78186	0.01552	0.01144	0.01552	0.00980	0.01307	0.00735	0.00408	0.00572	0.00163	0.00817	0.00572	0.00245	0.00654
6	0.00573	0.00491	0.00491	0.00491	0.00655	0.00409	0.00368	0.00695	0.01105	0.01309	0.04909	0.04664	0.79750	0.01227	0.00573	0.00164	0.00245	0.01023	0.00450	0.00409
7	0.00781	0.00558	0.00781	0.00892	0.01004	0.00558	0.00781	0.01004	0.01116	0.01450	0.02566	0.05466	0.02789	0.01339	0.00669	0.00223	0.00446	0.76685	0.00446	0.00446
8	0.05577	0.77211	0.02420	0.00830	0.01234	0.03752	0.00816	0.01461	0.00986	0.01193	0.00676	0.00780	0.00617	0.00418	0.00313	0.00106	0.00519	0.00261	0.00213	0.00616
9	0.84569	0.00946	0.00728	0.00648	0.00949	0.01096	0.00533	0.03083	0.00856	0.02193	0.00685	0.00795	0.00531	0.00453	0.00304	0.00150	0.00378	0.00266	0.00304	0.00531
10	0.01810	0.02310	0.01373	0.01248	0.01498	0.81024	0.00936	0.01935	0.01373	0.01186	0.00749	0.00874	0.00624	0.00499	0.00437	0.00125	0.00874	0.00312	0.00250	0.00562
11	0.00590	0.00422	0.00562	0.00675	0.00703	0.00394	0.00450	0.00675	0.00928	0.01237	0.02671	0.82653	0.03205	0.01518	0.00619	0.00197	0.00281	0.01378	0.00450	0.00394
12	0.01266	0.01071	0.01130	0.00998	0.01283	0.01234	0.00782	0.09801	0.71746	0.02125	0.01895	0.01747	0.01417	0.00650	0.00492	0.00163	0.00398	0.00537	0.00492	0.00772
13	0.20953	0.01242	0.06886	0.08608	0.04376	0.01163	0.45289	0.01507	0.01050	0.03056	0.00907	0.01171	0.00680	0.00432	0.00490	0.00159	0.00679	0.00469	0.00259	0.00624
14	0.01810	0.02310	0.01373	0.01248	0.01498	0.81024	0.00936	0.01935	0.01373	0.01186	0.00749	0.00874	0.00624	0.00499	0.00437	0.00125	0.00874	0.00312	0.00250	0.00562
15	0.00598	0.00482	0.00536	0.00570	0.00699	0.00420	0.00426	0.00723	0.01072	0.01317	0.05381	0.21450	0.54983	0.01296	0.00592	0.00176	0.00272	0.08147	0.00451	0.00410
16	0.01059	0.02506	0.08875	0.28239	0.11622	0.02410	0.19453	0.03819	0.01054	0.01425	0.01021	0.01359	0.03321	0.01906	0.00659	0.00168	0.09776	0.00477	0.00242	0.00610
17	0.01173	0.02560	0.18817	0.08043	0.31738	0.03691	0.01308	0.01745	0.17906	0.04480	0.03023	0.01357	0.00977	0.00512	0.00477	0.00151	0.00565	0.00447	0.00305	0.00725
18	0.00704	0.00503	0.00698	0.00698	0.00762	0.00563	0.00511	0.00833	0.00769	0.01104	0.01371	0.02240	0.01361	0.24823	0.56568	0.00668	0.01031	0.00566	0.03830	0.00396
19	0.00654	0.00450	0.00542	0.00590	0.00605	0.00436	0.00361	0.00692	0.00807	0.01073	0.02079	0.36964	0.03889	0.46781	0.01645	0.00348	0.00385	0.00997	0.00363	0.00338
20	0.01032	0.00877	0.01019	0.00731	0.01160	0.00673	0.00585	0.03693	0.01046	0.01626	0.00871	0.01010	0.00721	0.00366	0.00363	0.00074	0.00364	0.00292	0.00293	0.83203
21	0.00613	0.00479	0.00585	0.03216	0.00792	0.00442	0.00471	0.00735	0.01014	0.01287	0.04888	0.37745	0.34216	0.02513	0.03287	0.00206	0.00325	0.06340	0.00435	0.00409
22	0.00636	0.00514	0.00568	0.00558	0.00705	0.00459	0.00417	0.00845	0.04722	0.01526	0.26824	0.07995	0.50214	0.01145	0.00571	0.00162	0.00248	0.00975	0.00477	0.00439
23	0.83818	0.00934	0.00725	0.00644	0.00946	0.01076	0.00531	0.01453	0.00842	0.04561	0.00713	0.00814	0.00545	0.00454	0.00306	0.00150	0.00376	0.00269	0.00309	0.00534
24	0.01060	0.01060	0.01484	0.01272	0.01272	0.01484	0.01060	0.01166	0.00742	0.01166	0.00636	0.01060	0.00636	0.00848	0.01590	0.00212	0.82082	0.00424	0.00212	0.00530
25	0.00650	0.00494	0.00598	0.00572	0.00702	0.00442	0.00429	0.00845	0.01287	0.01743	0.56060	0.03950	0.28329	0.01065	0.00572	0.00156	0.00234	0.00923	0.00507	0.00442
26	0.01144	0.01307	0.02859	0.02042	0.02533	0.01225	0.78186	0.01552	0.01144	0.01552	0.00980	0.01307	0.00735	0.00408	0.00572	0.00163	0.00817	0.00572	0.00245	0.00654
27	0.00622	0.00494	0.00560	0.00546	0.00689	0.00431	0.00412	0.00790	0.01213	0.01568	0.35090	0.04257	0.47927	0.01134	0.00574	0.00160	0.00242	0.02378	0.00484	0.00429
28	0.02174	0.00825	0.01125	0.00862	0.01237	0.00712	0.00712	0.02362	0.01387	0.80282	0.01912	0.01649	0.01200	0.00600	0.00487	0.00150	0.00412	0.00487	0.00600	0.00825
29	0.01144	0.01307	0.02859	0.02042	0.02533	0.01225	0.78186	0.01552	0.01144	0.01552	0.00980	0.01307	0.00735	0.00408	0.00572	0.00163	0.00817	0.00572	0.00245	0.00654
30	0.00730	0.00506	0.00658	0.00614	0.00738	0.00464	0.00463	0.00954	0.01364	0.04434	0.74762	0.03591	0.06912	0.00986	0.00569	0.00153	0.00235	0.00869	0.00533	0.00467
31	0.01005	0.00861	0.01005	0.00718	0.01148	0.00646	0.00574	0.01220	0.01005	0.01579	0.00861	0.01005	0.00718	0.00359	0.00359	0.00072	0.00359	0.00287	0.00287	0.85932
32	0.54819	0.14264	0.03761	0.00779	0.01107	0.05191	0.00683	0.05655	0.00984	0.05271	0.00762	0.00864	0.00597	0.00473	0.00374	0.00143	0.03104	0.00292	0.00299	0.00578
33	0.00915	0.00861	0.01453	0.81804	0.03338	0.01077	0.01346	0.01238	0.00969	0.01238	0.00861	0.01292	0.00646	0.00484	0.00484	0.00161	0.00646	0.00431	0.00215	0.00538
34	0.24365	0.01655	0.01221	0.01090	0.01296	0.41379	0.00854	0.01622	0.01082	0.01447	0.00703	0.00893	0.00600	0.00566	0.00664	0.00152	0.19288	0.00324	0.00255	0.00545
35	0.00981	0.04846	0.78201	0.01365	0.02073	0.01148	0.01763	0.01532	0.01022	0.01523	0.00864	0.01016	0.00614	0.00459	0.00456	0.00152	0.00710	0.00355	0.00205	0.00713
36	0.01005	0.00861	0.01005	0.00718	0.01148	0.00646	0.00574	0.01220	0.01005	0.01579	0.00861	0.01005	0.00718	0.00359	0.00359	0.00072	0.00359	0.00287	0.00287	0.85932
37	0.09599	0.69519	0.02284	0.00833	0.01232	0.03434	0.00806	0.05297	0.01042	0.01337	0.00700	0.00800	0.00623	0.00428	0.00321	0.00111	0.00512	0.00269	0.00231	0.00621
38	0.01821	0.01347	0.01442	0.01111	0.01495	0.01493	0.00916	0.75822	0.04822	0.03020	0.01190	0.01185	0.00846	0.00584	0.00485	0.00146	0.00528	0.00440	0.00485	0.00822
39	0.03629	0.06490	0.01146	0.00784	0.01183	0.03061	0.00642	0.04066	0.01139	0.19984	0.01129	0.02641	0.00865	0.00454	0.00395	0.00101	0.00402	0.00357	0.00364	0.51167
40	0.86392	0.00937	0.00712	0.00637	0.00937	0.01087	0.00525	0.01425	0.00825	0.02174	0.00675	0.00787	0.00525	0.00450	0.00300	0.00150	0.00375	0.00262	0.00300	0.00525
41	0.00972	0.02507	0.80458	0.01381	0.02097	0.01125	0.01790	0.01535	0.01023	0.01535	0.00870	0.01023	0.00614	0.00460	0.00460	0.00153	0.00716	0.00358	0.00205	0.00716
42	0.00595	0.00435	0.00560	0.00649	0.00699	0.00400	0.00441	0.00694	0.00979	0.01295	0.08337	0.68216	0.12021	0.01448	0.00610	0.00190	0.00273	0.01302	0.00456	0.00400
43	0.01748	0.06669	0.01419	0.01194	0.01455	0.68083	0.00914	0.06826	0.01391	0.01322	0.00794	0.00916	0.00655	0.00507	0.00446	0.00126	0.01952	0.00323	0.02682	0.00579
44	0.00699	0.00492	0.00638	0.00638	0.00676	0.00529	0.00431	0.00775	0.00737	0.01021	0.01426	0.02615	0.01520	0.48139	0.36966	0.00605	0.00833	0.00623	0.00279	0.00355
45	0.01268	0.03180	0.01207	0.04825	0.01364	0.00998	0.00748	0.25923	0.03500	0.02017	0.01066	0.02680	0.00876	0.00507	0.00445	0.00113	0.01954	0.02857	0.00357	0.44113
46	0.00718	0.00536	0.00786	0.00779	0.00869	0.00621	0.00603	0.02566	0.00810	0.01162	0.01302	0.01926	0.01220	0.05992	0.76873	0.00755	0.01256	0.00523	0.00266	0.00437
47	0.00590	0.00436	0.00552	0.00641	0.00695	0.00398	0.00436	0.00685	0.00970	0.01268	0.05083	0.67188	0.16378	0.01454	0.00609	0.00190	0.00274	0.01304	0.00452	0.00398
48	0.00702	0.00465	0.00534	0.00541	0.00543	0.00463	0.00308	0.00700	0.00716	0.00955	0.01577	0.08148	0.01823	0.75120	0.02331	0.03282	0.00456	0.00738	0.00301	0.00297
49	0.04931	0.10147	0.05844	0.04589	0.08110	0.17778	0.28299	0.11525	0.01292	0.01643	0.00896	0.01099	0.00697	0.00459	0.00478	0.00144	0.00712	0.00428	0.00272	0.00656
50	0.00764	0.00569	0.00698	0.00743	0.00840	0.00579	0.00531	0.01134	0.17241	0.03084	0.09291	0.55182	0.02915	0.01269	0.00587	0.00186	0.00305	0.03125	0.00469	0.00487
51	0.00590	0.00422	0.00562	0.00675	0.00703	0.00394	0.00450	0.00675	0.00928	0.01237	0.02671	0.82653	0.03205	0.01518	0.00619	0.00197	0.00281	0.01378	0.00450	0.00394
52	0.00978	0.02468	0.77932	0.01403	0.02112	0.01129	0.04278	0.01535	0.01027	0.01535	0.00873	0.01032	0.00618	0.00459	0.00464	0.00154	0.00719	0.00365	0.00206	0.00714
53	0.01294	0.24764	0.16978	0.05667	0.12780	0.05628	0.01153	0.13090	0.09511	0.01667	0.00970	0.01090	0.00764	0.00493	0.00450	0.00138	0.02204	0.00375	0.00286	0.00697
54	0.00763	0.01017	0.19805	0.00966	0.01198	0.00694	0.04409	0.01006	0.00985	0.01361	0.03577	0.37612	0.03718	0.01229	0.04012	0.00213	0.04435	0.12136	0.00364	0.00500
55	0.66517	0.08248	0.03548	0.00793	0.02373	0.04709	0.02231	0.01448	0.00878	0.01964	0.00693	0.00824	0.00553	0.00461	0.00363	0.00147	0.03139	0.00282	0.00282	0.00548
56	0.00692	0.00519	0.00779	0.00779	0.00865	0.00606	0.00606	0.00865	0.00779	0.01125	0.01298	0.01904	0.01211	0.03634	0.81049	0.00779	0.01298	0.00519	0.00260	0.00433
57	0.02742	0.01203	0.03272	0.07524	0.14116	0.01181	0.44016	0.04719	0.09794	0.01663	0.01112	0.01408	0.00860	0.00473	0.00530	0.00159	0.00681	0.01842	0.02030	0.00673
58	0.82837	0.04376	0.00789	0.00645	0.00950	0.01122	0.00538	0.01426	0.00831	0.02131	0.00675	0.00787	0.00529	0.00448	0.00300	0.00148	0.00381	0.00262	0.00296	0.00529
59	0.00696	0.00506	0.00711	0.00711	0.00774	0.00569	0.00521	0.00822	0.00759	0.01074	0.01360	0.02249	0.01361	0.25254	0.59635	0.00695	0.01072	0.00570	0.00269	0.00395
60	0.00634	0.00493	0.00575	0.00555	0.00692	0.00435	0.00416	0.00813	0.01248	0.01650	0.45074	0.04103	0.39373	0.01100	0.00572	0.00158	0.00236	0.00944	0.00495	0.00435
61	0.86392	0.00937	0.00712	0.00637	0.00937	0.01087	0.00525	0.01425	0.00825	0.02174	0.00675	0.00787	0.00525	0.00450	0.00300	0.00150	0.00375	0.00262	0.00300	0.00525
62	0.00903	0.00452	0.00452	0.00452	0.00565	0.00452	0.00339	0.01129	0.01016	0.01807	0.01581	0.01807	0.01242	0.00565	0.00339	0.00113	0.00226	0.00452	0.85659	0.00452
63	0.00972	0.02507	0.80458	0.01381	0.02097	0.01125	0.01790	0.01535	0.01023	0.01535	0.00870	0.01023	0.00614	0.00460	0.00460	0.00153	0.00716	0.00358	0.00205	0.00716
