[name]
unknown

[dist]
# distance from previous block
# <min> <max>
5	255

[block]
# block no. 0 follows, 61 sequences, length 15
# corresponding to MSA columns:
# 297-311
name=unknown_A
#
# <colnr> <probs for GDERKNQSTAVLIFYWHMCP>
#	G	D	E	R	K	N	Q	S	T	A	V	L	I	F	Y	W	H	M	C	P
0	0.03262	0.03050	0.02216	0.15252	0.02479	0.00867	0.02488	0.09033	0.05653	0.12670	0.07337	0.08092	0.02039	0.00594	0.00537	0.00134	0.10004	0.00475	0.00329	0.13489
1	0.07083	0.11001	0.13463	0.02868	0.06087	0.00896	0.00777	0.08424	0.06500	0.11098	0.06539	0.01723	0.15051	0.00583	0.00409	0.00128	0.00397	0.00468	0.01843	0.04663
2	0.01020	0.04457	0.03223	0.18958	0.16598	0.08302	0.07185	0.06283	0.00979	0.01312	0.00852	0.04652	0.00734	0.00562	0.02786	0.00147	0.09945	0.00401	0.01719	0.09885
3	0.01441	0.01239	0.01166	0.00930	0.01240	0.17508	0.00746	0.39541	0.04616	0.05343	0.00953	0.01004	0.00716	0.00518	0.01808	0.00124	0.02632	0.00346	0.00349	0.17780
4	0.02941	0.09510	0.44915	0.01123	0.04957	0.02397	0.01201	0.06464	0.17134	0.01506	0.01008	0.03261	0.00778	0.00472	0.00405	0.00134	0.00531	0.00373	0.00259	0.00632
5	0.02261	0.40932	0.13308	0.00859	0.01161	0.02557	0.02568	0.01161	0.00823	0.01085	0.00761	0.00996	0.00679	0.01095	0.20230	0.00253	0.08236	0.00318	0.00198	0.00516
6	0.69224	0.04463	0.00767	0.00609	0.00891	0.00940	0.00507	0.01412	0.00826	0.15876	0.00791	0.00832	0.00574	0.00422	0.00296	0.00132	0.00345	0.00268	0.00309	0.00517
7	0.16095	0.02163	0.04994	0.37044	0.04750	0.12136	0.03898	0.02780	0.04318	0.02500	0.03041	0.01144	0.02490	0.00457	0.00400	0.00135	0.00532	0.00370	0.00242	0.00511
8	0.00540	0.00386	0.00513	0.00590	0.00628	0.00360	0.00401	0.00637	0.00893	0.01209	0.16189	0.70455	0.03060	0.01268	0.00543	0.00168	0.00242	0.01147	0.00413	0.00360
9	0.00530	0.00426	0.00473	0.00484	0.00600	0.00369	0.00354	0.00650	0.00997	0.01254	0.18036	0.17942	0.54177	0.01098	0.00516	0.00149	0.00221	0.00940	0.00413	0.00369
10	0.00617	0.00454	0.00654	0.00654	0.00717	0.00517	0.00490	0.00744	0.00681	0.00971	0.01189	0.01888	0.01162	0.17403	0.69099	0.00645	0.01026	0.00490	0.00236	0.00363
11	0.01277	0.01013	0.01133	0.02862	0.06524	0.01137	0.00775	0.29888	0.43112	0.03667	0.01408	0.01356	0.01042	0.00541	0.00432	0.00138	0.00402	0.00440	0.02161	0.00691
12	0.72782	0.00758	0.00593	0.00538	0.00776	0.00868	0.00438	0.01221	0.00763	0.01876	0.00740	0.00857	0.00577	0.00418	0.00273	0.00128	0.00310	0.00262	0.15368	0.00455
13	0.01592	0.01825	0.01226	0.01075	0.01324	0.62236	0.00823	0.18565	0.04796	0.01439	0.00790	0.00867	0.00625	0.00465	0.00400	0.00116	0.00694	0.00310	0.00276	0.00557
14	0.00558	0.00410	0.00578	0.00656	0.00700	0.00387	0.02632	0.00655	0.00849	0.01129	0.02322	0.73055	0.02746	0.01304	0.00554	0.00177	0.00280	0.10251	0.00395	0.00362

[dist]
# distance from previous block
# <min> <max>
0	2

[block]
# block no. 1 follows, 61 sequences, length 25
# corresponding to MSA columns:
# 314-338
name=unknown_B
#
# <colnr> <probs for GDERKNQSTAVLIFYWHMCP>
#	G	D	E	R	K	N	Q	S	T	A	V	L	I	F	Y	W	H	M	C	P
0	0.33635	0.00793	0.00862	0.00704	0.00997	0.00806	0.00575	0.07981	0.02425	0.40939	0.01274	0.05277	0.00910	0.00524	0.00377	0.00135	0.00357	0.00396	0.00418	0.00615
1	0.01033	0.05117	0.01454	0.24778	0.36287	0.03884	0.01101	0.04005	0.07795	0.03486	0.02851	0.02415	0.00864	0.00470	0.00428	0.00134	0.00503	0.02544	0.00254	0.00597
2	0.01553	0.00788	0.00982	0.00821	0.02195	0.00773	0.00651	0.08983	0.19227	0.47192	0.04790	0.05725	0.01323	0.00610	0.00446	0.00139	0.00361	0.02273	0.00486	0.00682
3	0.00596	0.00437	0.00559	0.00535	0.00637	0.00400	0.00399	0.00785	0.01178	0.01645	0.70961	0.07342	0.11072	0.00923	0.00510	0.00138	0.00207	0.00813	0.00464	0.00400
4	0.00722	0.00549	0.00777	0.24981	0.01325	0.00598	0.00630	0.04769	0.00863	0.03147	0.01601	0.36326	0.01757	0.18988	0.00860	0.00215	0.00395	0.00788	0.00314	0.00397
5	0.87904	0.00833	0.00633	0.00566	0.00833	0.00966	0.00467	0.01266	0.00733	0.01933	0.00600	0.00700	0.00467	0.00400	0.00267	0.00133	0.00333	0.00233	0.00267	0.00467
6	0.00607	0.00440	0.00572	0.00539	0.00642	0.00405	0.00404	0.00807	0.01212	0.01710	0.79610	0.03246	0.06412	0.00887	0.00508	0.00136	0.00204	0.00783	0.00472	0.00405
7	0.01051	0.01008	0.01722	0.07389	0.77545	0.01020	0.01315	0.01309	0.00974	0.01389	0.00808	0.01071	0.00676	0.00387	0.00427	0.00129	0.00515	0.00384	0.00212	0.00670
8	0.00680	0.00431	0.00507	0.00533	0.00593	0.00421	0.00378	0.00780	0.00815	0.02555	0.01895	0.11664	0.08170	0.33923	0.01145	0.00256	0.00333	0.15543	0.19035	0.00343
9	0.00626	0.00418	0.00470	0.00470	0.00470	0.00418	0.00261	0.00626	0.00626	0.00835	0.01357	0.02819	0.01566	0.84862	0.02192	0.00418	0.00418	0.00626	0.00261	0.00261
10	0.01544	0.01116	0.01192	0.00925	0.01242	0.01231	0.00760	0.71759	0.01899	0.02590	0.01076	0.01099	0.00774	0.00515	0.00416	0.00126	0.00443	0.00389	0.10208	0.00695
11	0.00615	0.00460	0.00683	0.00680	0.00759	0.00528	0.00528	0.00773	0.00734	0.01058	0.07586	0.01814	0.01315	0.03044	0.76574	0.00648	0.01078	0.00487	0.00250	0.00386
12	0.01522	0.01125	0.01206	0.00950	0.01270	0.01249	0.00777	0.63101	0.15871	0.04290	0.01185	0.01160	0.00852	0.00529	0.00429	0.00132	0.00441	0.00407	0.02791	0.00715
13	0.01176	0.00967	0.01021	0.00886	0.01146	0.01105	0.00699	0.17709	0.63591	0.01976	0.01602	0.01494	0.01195	0.00569	0.00433	0.00142	0.00363	0.00465	0.02777	0.00684
14	0.01598	0.01187	0.01271	0.00983	0.01321	0.01317	0.00809	0.75286	0.07541	0.02651	0.01084	0.01074	0.00773	0.00522	0.00431	0.00130	0.00465	0.00395	0.00431	0.00729
15	0.26080	0.00579	0.00613	0.00610	0.00775	0.00592	0.00494	0.00984	0.00937	0.06396	0.10233	0.10522	0.18040	0.00884	0.00459	0.00156	0.00307	0.20535	0.00376	0.00427
16	0.00965	0.00509	0.00622	0.00564	0.00703	0.00459	0.00407	0.01061	0.00941	0.24404	0.06663	0.11858	0.20168	0.26055	0.00993	0.00226	0.00323	0.00707	0.01933	0.00440
17	0.04619	0.01246	0.01219	0.00971	0.01288	0.10465	0.00788	0.58388	0.10809	0.04262	0.01074	0.01068	0.00777	0.00513	0.00421	0.00129	0.00486	0.00382	0.00405	0.00691
18	0.02337	0.00431	0.00555	0.00603	0.00678	0.00397	0.00422	0.00784	0.00890	0.09809	0.04501	0.62993	0.09289	0.02324	0.00550	0.00170	0.00264	0.02197	0.00412	0.00395
19	0.01071	0.00619	0.00712	0.00628	0.00797	0.00621	0.00476	0.11499	0.08186	0.17006	0.06419	0.09516	0.05738	0.13147	0.00681	0.00173	0.00318	0.00571	0.21318	0.00505
20	0.00632	0.00448	0.00561	0.00596	0.00675	0.00426	0.00446	0.01849	0.00943	0.02263	0.15373	0.22709	0.14452	0.15187	0.00817	0.00208	0.00306	0.20101	0.01638	0.00369
21	0.00677	0.00473	0.00642	0.00719	0.00806	0.00465	0.00583	0.00866	0.03309	0.03235	0.07144	0.29410	0.02623	0.01187	0.00567	0.00184	0.00337	0.45966	0.00407	0.00399
22	0.00880	0.00745	0.00863	0.00636	0.00982	0.00585	0.00499	0.01105	0.04692	0.01377	0.00860	0.01080	0.00744	0.07063	0.00474	0.00096	0.00328	0.00296	0.00264	0.76430
23	0.07669	0.00664	0.01099	0.00945	0.02315	0.00712	0.17801	0.00941	0.00770	0.01153	0.01118	0.02809	0.02517	0.09716	0.44040	0.00458	0.04124	0.00484	0.00237	0.00429
24	0.00532	0.00430	0.00470	0.00476	0.00596	0.00371	0.00349	0.00652	0.01000	0.01254	0.18481	0.13190	0.56611	0.02967	0.00551	0.00153	0.00224	0.00915	0.00411	0.00368

[dist]
# distance from previous block
# <min> <max>
10	13

[block]
# block no. 2 follows, 61 sequences, length 107
# corresponding to MSA columns:
# 354-460
name=unknown_C
#
# <colnr> <probs for GDERKNQSTAVLIFYWHMCP>
#	G	D	E	R	K	N	Q	S	T	A	V	L	I	F	Y	W	H	M	C	P
0	0.01360	0.00691	0.00887	0.00697	0.00989	0.00589	0.00556	0.03209	0.01075	0.41310	0.05011	0.07198	0.01214	0.04120	0.03894	0.00151	0.00374	0.00460	0.00415	0.25801
1	0.00627	0.00437	0.00566	0.00625	0.00689	0.00417	0.00446	0.03984	0.00931	0.03304	0.07928	0.61783	0.06538	0.01269	0.01943	0.00178	0.00284	0.07261	0.00407	0.00384
2	0.01013	0.01205	0.07704	0.01899	0.15581	0.01078	0.60217	0.01361	0.00995	0.01375	0.00848	0.01124	0.00649	0.00379	0.00509	0.00143	0.02635	0.00472	0.00214	0.00599
3	0.03597	0.00523	0.00625	0.00565	0.00737	0.00472	0.00439	0.01053	0.02998	0.18066	0.29508	0.04500	0.31652	0.00879	0.00487	0.00141	0.00255	0.02591	0.00449	0.00465
4	0.01428	0.00613	0.00816	0.00687	0.00925	0.00535	0.00542	0.01570	0.01117	0.53213	0.05240	0.19983	0.09861	0.00782	0.00469	0.00144	0.00319	0.00668	0.00488	0.00599
5	0.00648	0.00437	0.00491	0.00485	0.00497	0.00438	0.00279	0.02649	0.00673	0.00895	0.01429	0.04568	0.03113	0.79321	0.02080	0.00400	0.00412	0.00639	0.00271	0.00277
6	0.00711	0.00437	0.00546	0.00545	0.00633	0.00472	0.00414	0.00899	0.02167	0.01311	0.02774	0.03302	0.01198	0.04535	0.36614	0.00373	0.00628	0.00459	0.41588	0.00393
7	0.70197	0.00876	0.00737	0.00634	0.00906	0.01002	0.00521	0.14062	0.00963	0.02050	0.04207	0.00863	0.00666	0.00440	0.00304	0.00133	0.00350	0.00282	0.00302	0.00507
8	0.02551	0.00471	0.00553	0.00535	0.00659	0.00432	0.00399	0.00837	0.02784	0.06229	0.31237	0.08953	0.30817	0.07597	0.00637	0.00167	0.00252	0.04066	0.00421	0.00402
9	0.00575	0.00460	0.00520	0.00522	0.00650	0.00415	0.00399	0.00759	0.04348	0.01338	0.23224	0.08268	0.47736	0.01041	0.00516	0.00149	0.00238	0.08032	0.00420	0.00390
10	0.80054	0.00813	0.00642	0.00577	0.00831	0.00935	0.00470	0.03087	0.00780	0.01911	0.02760	0.04230	0.00663	0.00454	0.00288	0.00135	0.00330	0.00292	0.00281	0.00466
11	0.00830	0.00582	0.00643	0.00586	0.00670	0.00605	0.00395	0.16209	0.02441	0.01288	0.03806	0.03899	0.04228	0.56476	0.01605	0.00323	0.00405	0.01991	0.02643	0.00376
12	0.00626	0.00418	0.00470	0.00470	0.00470	0.00418	0.00261	0.00626	0.00626	0.00835	0.01357	0.02819	0.01566	0.84862	0.02192	0.00418	0.00418	0.00626	0.00261	0.00261
13	0.01035	0.00877	0.00925	0.00834	0.01071	0.00999	0.00649	0.02133	0.72662	0.03133	0.01991	0.01837	0.08689	0.00630	0.00445	0.00146	0.00330	0.00525	0.00436	0.00654
14	0.00613	0.00417	0.00491	0.00495	0.00515	0.00409	0.00300	0.00656	0.00748	0.01014	0.15245	0.11129	0.02123	0.62079	0.01739	0.00345	0.00364	0.00713	0.00311	0.00295
15	0.00539	0.00415	0.00494	0.00526	0.00617	0.00370	0.00378	0.00657	0.00972	0.01259	0.19633	0.34036	0.34689	0.01146	0.00526	0.00155	0.00231	0.02571	0.00415	0.00368
16	0.01090	0.00952	0.00982	0.00883	0.01126	0.03161	0.00689	0.04096	0.75758	0.01793	0.01720	0.01642	0.01307	0.00592	0.00440	0.00146	0.00356	0.02163	0.00432	0.00672
17	0.00893	0.00766	0.00893	0.00638	0.01021	0.00574	0.00510	0.01085	0.00893	0.01404	0.00766	0.00893	0.00638	0.00319	0.00319	0.00064	0.00319	0.00255	0.00255	0.87495
18	0.00814	0.00509	0.00647	0.00596	0.00739	0.00474	0.00459	0.01055	0.05731	0.13088	0.52026	0.06389	0.10741	0.00867	0.00499	0.00141	0.00246	0.04051	0.00467	0.00462
19	0.00665	0.00498	0.00606	0.00646	0.00732	0.00500	0.00460	0.02630	0.14073	0.02421	0.07294	0.55984	0.07836	0.01146	0.00523	0.00165	0.00269	0.02715	0.00413	0.00423
20	0.00525	0.00375	0.00500	0.00600	0.00625	0.00350	0.00400	0.00600	0.00825	0.01100	0.02374	0.84580	0.02849	0.01350	0.00550	0.00175	0.00250	0.01225	0.00400	0.00350
21	0.00942	0.00942	0.01319	0.01131	0.01131	0.01319	0.00942	0.01037	0.00660	0.01037	0.00565	0.00942	0.00565	0.00754	0.01414	0.00188	0.84073	0.00377	0.00188	0.00471
22	0.00575	0.00406	0.00499	0.00543	0.00577	0.00389	0.00356	0.00640	0.00795	0.01055	0.07534	0.37537	0.08930	0.32468	0.02432	0.00269	0.00326	0.03993	0.00350	0.00324
23	0.00543	0.00418	0.00481	0.00508	0.00596	0.00374	0.00358	0.00644	0.00926	0.01181	0.13165	0.27260	0.38549	0.10575	0.00712	0.00184	0.00252	0.02526	0.00394	0.00354
24	0.01103	0.00941	0.00992	0.00883	0.01132	0.01086	0.00689	0.06680	0.76954	0.01853	0.01713	0.01575	0.01282	0.00581	0.00438	0.00145	0.00348	0.00481	0.00438	0.00685
25	0.01037	0.00994	0.01695	0.12079	0.72969	0.01016	0.01307	0.01296	0.00967	0.01372	0.00805	0.01076	0.00670	0.00389	0.00427	0.00130	0.00519	0.00384	0.00211	0.00659
26	0.80339	0.00853	0.00689	0.06153	0.00986	0.02615	0.00523	0.01264	0.00751	0.01859	0.00612	0.00731	0.00475	0.00403	0.00280	0.00134	0.00358	0.00244	0.00261	0.00468
27	0.00615	0.00462	0.00692	0.00692	0.00769	0.00538	0.00538	0.00769	0.00692	0.01000	0.01154	0.01692	0.01077	0.03231	0.83154	0.00692	0.01154	0.00462	0.00231	0.00385
28	0.00604	0.00440	0.00568	0.00536	0.00640	0.00404	0.00402	0.00801	0.01205	0.01694	0.77363	0.03272	0.08669	0.00893	0.00508	0.00136	0.00204	0.00787	0.00470	0.00404
29	0.00642	0.00471	0.00532	0.00505	0.00648	0.00415	0.00382	0.02799	0.01088	0.05568	0.27666	0.06303	0.49435	0.00992	0.00504	0.00142	0.00229	0.00842	0.00430	0.00405
30	0.00841	0.00783	0.01293	0.79371	0.02874	0.00977	0.01179	0.03506	0.00892	0.01148	0.00769	0.01140	0.00579	0.00441	0.00454	0.00144	0.02541	0.00383	0.00199	0.00486
31	0.00525	0.00375	0.00500	0.00600	0.00625	0.00350	0.00400	0.00600	0.00825	0.01100	0.02374	0.84580	0.02849	0.01350	0.00550	0.00175	0.00250	0.01225	0.00400	0.00350
32	0.00615	0.00462	0.00692	0.00692	0.00769	0.00538	0.00538	0.00769	0.00692	0.01000	0.01154	0.01692	0.01077	0.03231	0.83154	0.00692	0.01154	0.00462	0.00231	0.00385
33	0.00902	0.00883	0.01242	0.01077	0.01086	0.01223	0.00893	0.01004	0.00664	0.01032	0.00638	0.01035	0.00628	0.01059	0.11489	0.00251	0.73853	0.00387	0.00194	0.00461
34	0.01241	0.09264	0.20310	0.01452	0.18765	0.32477	0.03601	0.03111	0.01059	0.01242	0.00726	0.00884	0.00587	0.00425	0.00427	0.00123	0.03195	0.00318	0.00211	0.00582
35	0.01390	0.10225	0.04040	0.04307	0.08678	0.02269	0.00759	0.07110	0.03269	0.31655	0.01140	0.01139	0.00809	0.00447	0.00402	0.00114	0.01621	0.00356	0.00358	0.19913
36	0.06233	0.29387	0.23105	0.02002	0.08073	0.01239	0.00986	0.01549	0.18259	0.03877	0.00948	0.01007	0.00737	0.00435	0.00365	0.00123	0.00477	0.00330	0.00257	0.00613
37	0.01020	0.00887	0.01086	0.14968	0.08667	0.01017	0.00826	0.04486	0.52685	0.01652	0.02846	0.01653	0.01219	0.00574	0.00445	0.00146	0.00400	0.04418	0.00375	0.00630
38	0.01146	0.83412	0.03914	0.00747	0.01121	0.01690	0.00755	0.01291	0.00876	0.01021	0.00602	0.00695	0.00553	0.00369	0.00279	0.00093	0.00464	0.00232	0.00184	0.00555
39	0.01019	0.00866	0.00946	0.00888	0.02746	0.00987	0.00680	0.03209	0.67423	0.01746	0.04631	0.04390	0.01522	0.00657	0.00455	0.00150	0.00343	0.06269	0.00431	0.00642
40	0.00615	0.00462	0.00692	0.00692	0.00769	0.00538	0.00538	0.00769	0.00692	0.01000	0.01154	0.01692	0.01077	0.03231	0.83154	0.00692	0.01154	0.00462	0.00231	0.00385
41	0.01097	0.00938	0.01152	0.02525	0.19200	0.01043	0.00830	0.02049	0.59398	0.04587	0.01526	0.01475	0.01154	0.00536	0.00435	0.00142	0.00383	0.00461	0.00388	0.00681
42	0.01933	0.00733	0.01000	0.00766	0.01100	0.00633	0.00633	0.02099	0.01233	0.82473	0.01699	0.01466	0.01066	0.00533	0.00433	0.00133	0.00367	0.00433	0.00533	0.00733
43	0.00549	0.00437	0.00488	0.00476	0.00602	0.00381	0.00355	0.00690	0.01062	0.01364	0.32850	0.03775	0.51579	0.02825	0.00545	0.00148	0.00217	0.00855	0.00424	0.00377
44	0.01071	0.00925	0.00974	0.00877	0.01120	0.01071	0.00682	0.02289	0.81396	0.01802	0.01753	0.01607	0.01315	0.00584	0.00438	0.00146	0.00341	0.00487	0.00438	0.00682
45	0.00638	0.00474	0.00696	0.00691	0.00773	0.00550	0.00538	0.02230	0.00721	0.01045	0.01158	0.01678	0.01071	0.03117	0.79709	0.00668	0.01119	0.00459	0.02271	0.00391
46	0.01624	0.01598	0.01259	0.01046	0.01334	0.39198	0.00825	0.44162	0.01653	0.01946	0.00864	0.00915	0.00650	0.00483	0.00411	0.00121	0.00614	0.00337	0.00334	0.00625
47	0.04586	0.00539	0.00687	0.00600	0.00773	0.00492	0.00464	0.01182	0.01157	0.25115	0.45836	0.03996	0.07723	0.04261	0.00547	0.00148	0.00267	0.00665	0.00468	0.00494
48	0.00608	0.00426	0.00513	0.00534	0.00595	0.00400	0.00366	0.00693	0.00861	0.02631	0.13628	0.22237	0.16981	0.30278	0.01110	0.00249	0.00309	0.06877	0.00364	0.00340
49	0.00525	0.00375	0.00500	0.00600	0.00625	0.00350	0.00400	0.00600	0.00825	0.01100	0.02374	0.84580	0.02849	0.01350	0.00550	0.00175	0.00250	0.01225	0.00400	0.00350
50	0.01235	0.00779	0.00967	0.04238	0.01132	0.00809	0.02540	0.13514	0.21091	0.22466	0.08454	0.09924	0.01599	0.02189	0.00498	0.00151	0.00372	0.06999	0.00439	0.00606
51	0.00874	0.02159	0.77438	0.01266	0.01889	0.01006	0.06714	0.01365	0.00916	0.01365	0.00779	0.00926	0.00553	0.00406	0.00416	0.00137	0.00642	0.00331	0.00184	0.00633
52	0.01049	0.00985	0.01555	0.05076	0.61753	0.01019	0.01172	0.01496	0.17108	0.01472	0.01059	0.01231	0.02206	0.00438	0.00430	0.00132	0.00475	0.00414	0.00261	0.00670
53	0.01173	0.00965	0.01410	0.24457	0.31579	0.02099	0.01080	0.19171	0.02404	0.06982	0.03828	0.01190	0.00818	0.00458	0.00432	0.00133	0.00501	0.00402	0.00290	0.00628
54	0.01117	0.00967	0.00967	0.00862	0.01099	0.05851	0.00672	0.07694	0.64138	0.01796	0.01604	0.01519	0.01210	0.00610	0.01823	0.00149	0.00380	0.00461	0.06429	0.00650
55	0.00644	0.00467	0.00622	0.04931	0.00788	0.00448	0.00466	0.00854	0.02435	0.02975	0.62967	0.09372	0.06079	0.00903	0.00509	0.00142	0.00240	0.04293	0.00448	0.00414
56	0.00626	0.00418	0.00470	0.00470	0.00470	0.00418	0.00261	0.00626	0.00626	0.00835	0.01357	0.02819	0.01566	0.84862	0.02192	0.00418	0.00418	0.00626	0.00261	0.00261
57	0.00966	0.00956	0.01375	0.03754	0.01252	0.01292	0.05056	0.03488	0.02195	0.01121	0.00623	0.00975	0.00589	0.00713	0.01289	0.00182	0.73097	0.00386	0.00202	0.00489
58	0.01011	0.01143	0.02462	0.01759	0.02192	0.01064	0.76741	0.01366	0.01011	0.01381	0.00866	0.01149	0.00653	0.00361	0.00499	0.00141	0.00707	0.00496	0.00220	0.04780
59	0.03996	0.04944	0.01425	0.11919	0.23533	0.20661	0.02144	0.19375	0.02681	0.04036	0.00850	0.00996	0.00660	0.00442	0.00409	0.00126	0.00562	0.00353	0.00276	0.00612
60	0.01091	0.55586	0.09374	0.01066	0.01476	0.01480	0.22000	0.01320	0.00916	0.01141	0.00686	0.00835	0.00579	0.00371	0.00350	0.00110	0.00547	0.00312	0.00193	0.00568
61	0.00610	0.00440	0.00576	0.00542	0.00644	0.00406	0.00406	0.00813	0.01219	0.01727	0.81947	0.03218	0.04064	0.00881	0.00508	0.00135	0.00203	0.00779	0.00474	0.00406
62	0.00986	0.00996	0.05434	0.23282	0.47528	0.01003	0.01217	0.01371	0.10145	0.01375	0.01971	0.01170	0.00765	0.00427	0.00429	0.00135	0.00510	0.00397	0.00235	0.00624
63	0.00542	0.00437	0.00482	0.00473	0.00602	0.00377	0.00354	0.00681	0.01056	0.01344	0.29288	0.05210	0.55588	0.01028	0.00509	0.00143	0.00214	0.00873	0.00424	0.00377
64	0.00893	0.00766	0.00893	0.00638	0.01021	0.00574	0.00510	0.01085	0.00893	0.01404	0.00766	0.00893	0.00638	0.00319	0.00319	0.00064	0.00319	0.00255	0.00255	0.87495
65	0.15112	0.31900	0.09609	0.00823	0.01183	0.06980	0.00779	0.11814	0.01093	0.15735	0.00871	0.00901	0.00652	0.00431	0.00344	0.00116	0.00465	0.00299	0.00293	0.00599
66	0.00823	0.00595	0.00694	0.00625	0.00788	0.00585	0.00487	0.14480	0.03775	0.04641	0.37484	0.06872	0.21469	0.00881	0.00496	0.00141	0.00273	0.03979	0.00444	0.00469
67	0.01507	0.01089	0.01215	0.01009	0.04186	0.01202	0.00793	0.51736	0.18738	0.09968	0.01230	0.01196	0.00882	0.00534	0.00458	0.00135	0.02571	0.00413	0.00428	0.00713
68	0.01034	0.01017	0.01609	0.12022	0.46669	0.03715	0.04873	0.02719	0.00923	0.01299	0.00752	0.01043	0.00639	0.00476	0.00650	0.00144	0.19223	0.00385	0.00210	0.00601
69	0.00652	0.00472	0.00639	0.00709	0.00806	0.00459	0.00595	0.00835	0.01015	0.01337	0.15698	0.11078	0.08732	0.01144	0.00570	0.00182	0.00339	0.53936	0.00410	0.00392
70	0.00626	0.00418	0.00470	0.00470	0.00470	0.00418	0.00261	0.00626	0.00626	0.00835	0.01357	0.02819	0.01566	0.84862	0.02192	0.00418	0.00418	0.00626	0.00261	0.00261
71	0.01093	0.00920	0.00975	0.00874	0.01120	0.01060	0.00681	0.02284	0.79372	0.03839	0.01752	0.01604	0.01309	0.00583	0.00438	0.00146	0.00342	0.00486	0.00441	0.00683
72	0.01184	0.01020	0.01035	0.00905	0.01163	0.04830	0.00710	0.14461	0.65423	0.01910	0.01592	0.01480	0.01190	0.00568	0.00435	0.00142	0.00381	0.00462	0.00427	0.00681
73	0.00626	0.00418	0.00470	0.00470	0.00470	0.00418	0.00261	0.00626	0.00626	0.00835	0.01357	0.02819	0.01566	0.84862	0.02192	0.00418	0.00418	0.00626	0.00261	0.00261
74	0.00616	0.00461	0.00689	0.00689	0.00764	0.00536	0.00534	0.00767	0.00691	0.00997	0.01157	0.01711	0.01085	0.04612	0.81784	0.00688	0.01141	0.00464	0.00231	0.00383
75	0.01800	0.00704	0.00955	0.00742	0.01053	0.00610	0.00609	0.01968	0.01226	0.74481	0.07813	0.01661	0.03187	0.00572	0.00441	0.00134	0.00351	0.00470	0.00526	0.00700
76	0.19001	0.07045	0.01476	0.04080	0.43791	0.13579	0.02460	0.01364	0.00956	0.01425	0.00730	0.00924	0.00606	0.00396	0.00379	0.00125	0.00517	0.00328	0.00223	0.00593
77	0.04286	0.04162	0.01345	0.07371	0.19273	0.07074	0.06968	0.01751	0.36373	0.01529	0.01195	0.01262	0.00926	0.00483	0.00438	0.00135	0.01876	0.00416	0.00313	0.02822
78	0.00964	0.00884	0.02759	0.10945	0.44608	0.00895	0.02354	0.01282	0.06766	0.02837	0.06262	0.01776	0.01183	0.00554	0.00469	0.00142	0.01689	0.11020	0.02018	0.00594
79	0.26743	0.01069	0.01083	0.00854	0.01175	0.01185	0.00705	0.52808	0.01601	0.07375	0.00949	0.00963	0.00676	0.00484	0.00383	0.00131	0.00426	0.00346	0.00389	0.00655
80	0.00603	0.00429	0.00584	0.00680	0.00736	0.00416	0.00523	0.00729	0.00890	0.01173	0.02295	0.46584	0.02638	0.04448	0.00632	0.00194	0.00321	0.35365	0.00393	0.00367
81	0.00534	0.00381	0.00507	0.00604	0.00632	0.00357	0.00408	0.00612	0.00826	0.01101	0.02345	0.79299	0.02802	0.03452	0.00593	0.00182	0.00260	0.04359	0.00396	0.00350
82	0.00603	0.00438	0.00568	0.00539	0.00640	0.00403	0.00403	0.00798	0.01198	0.01685	0.76320	0.05716	0.07264	0.00904	0.00509	0.00137	0.00205	0.00798	0.00469	0.00403
83	0.01609	0.02053	0.01221	0.01110	0.01332	0.83132	0.00832	0.01720	0.01221	0.01054	0.00666	0.00777	0.00555	0.00444	0.00388	0.00111	0.00777	0.00277	0.00222	0.00499
84	0.00893	0.00766	0.00893	0.00638	0.01021	0.00574	0.00510	0.01085	0.00893	0.01404	0.00766	0.00893	0.00638	0.00319	0.00319	0.00064	0.00319	0.00255	0.00255	0.87495
85	0.05140	0.29030	0.04638	0.01595	0.01010	0.00987	0.00684	0.01241	0.06533	0.08125	0.09565	0.03172	0.01565	0.04159	0.00495	0.00150	0.00400	0.20681	0.00325	0.00506
86	0.00605	0.00462	0.00569	0.00642	0.00691	0.02519	0.00452	0.02998	0.00889	0.01171	0.03998	0.68638	0.04083	0.01302	0.02015	0.00182	0.01326	0.06695	0.00392	0.00372
87	0.00626	0.00418	0.00470	0.00470	0.00470	0.00418	0.00261	0.00626	0.00626	0.00835	0.01357	0.02819	0.01566	0.84862	0.02192	0.00418	0.00418	0.00626	0.00261	0.00261
88	0.02509	0.02229	0.05285	0.02112	0.01102	0.04065	0.02346	0.03489	0.04719	0.02838	0.01043	0.06290	0.02911	0.00481	0.00397	0.02155	0.00372	0.01537	0.00279	0.53840
89	0.00963	0.03763	0.00912	0.00817	0.00961	0.28358	0.02475	0.01083	0.00984	0.01108	0.04580	0.15570	0.16197	0.02584	0.10200	0.00209	0.05241	0.03269	0.00297	0.00428
90	0.00919	0.00750	0.00896	0.03650	0.01079	0.00582	0.00535	0.01109	0.00906	0.04724	0.00899	0.02770	0.02074	0.00367	0.00336	0.00073	0.00327	0.00299	0.00270	0.77435
91	0.00970	0.01317	0.19113	0.01425	0.04115	0.04176	0.30613	0.01249	0.00874	0.01236	0.00751	0.01039	0.00612	0.00580	0.02281	0.02804	0.25690	0.00411	0.00201	0.00544
92	0.01152	0.85121	0.02257	0.00737	0.01106	0.01704	0.00737	0.01290	0.00875	0.01013	0.00599	0.00691	0.00553	0.00369	0.00276	0.00092	0.00461	0.00230	0.00184	0.00553
93	0.00616	0.00459	0.00681	0.00681	0.00754	0.00532	0.00524	0.00762	0.00689	0.00991	0.01164	0.01750	0.01102	0.07451	0.78969	0.00678	0.01116	0.00470	0.00232	0.00378
94	0.01490	0.06088	0.02331	0.01045	0.01276	0.62936	0.00810	0.08686	0.01235	0.01210	0.00872	0.03082	0.03578	0.00502	0.00426	0.00117	0.03216	0.00336	0.00248	0.00515
95	0.00940	0.00939	0.01319	0.02775	0.01167	0.01312	0.00947	0.01038	0.00664	0.01038	0.00569	0.00947	0.00566	0.00748	0.01394	0.00188	0.82413	0.00377	0.00189	0.00471
96	0.00525	0.00375	0.00500	0.00600	0.00625	0.00350	0.00400	0.00600	0.00825	0.01100	0.02374	0.84580	0.02849	0.01350	0.00550	0.00175	0.00250	0.01225	0.00400	0.00350
97	0.00694	0.00496	0.00694	0.00793	0.00892	0.00496	0.00694	0.00892	0.00992	0.01289	0.02281	0.04859	0.02479	0.01190	0.00595	0.00198	0.00397	0.79275	0.00397	0.00397
98	0.87904	0.00833	0.00633	0.00566	0.00833	0.00966	0.00467	0.01266	0.00733	0.01933	0.00600	0.00700	0.00467	0.00400	0.00267	0.00133	0.00333	0.00233	0.00267	0.00467
99	0.00615	0.00462	0.00692	0.00692	0.00769	0.00538	0.00538	0.00769	0.00692	0.01000	0.01154	0.01692	0.01077	0.03231	0.83154	0.00692	0.01154	0.00462	0.00231	0.00385
100	0.01152	0.85121	0.02257	0.00737	0.01106	0.01704	0.00737	0.01290	0.00875	0.01013	0.00599	0.00691	0.00553	0.00369	0.00276	0.00092	0.00461	0.00230	0.00184	0.00553
101	0.01043	0.01025	0.01823	0.07853	0.66441	0.01028	0.11775	0.01315	0.00978	0.01384	0.00815	0.01084	0.00671	0.00384	0.00438	0.00131	0.00544	0.00400	0.00212	0.00656
102	0.00950	0.00840	0.03874	0.00679	0.01068	0.00628	0.00567	0.05050	0.00956	0.03079	0.00798	0.00912	0.00648	0.00336	0.00330	0.00071	0.00339	0.00268	0.00267	0.78340
103	0.00653	0.00500	0.03465	0.00513	0.00548	0.00454	0.00327	0.01998	0.00670	0.00903	0.01353	0.05237	0.01540	0.76456	0.02018	0.00389	0.00420	0.00624	0.00265	0.01665
104	0.01204	0.00958	0.01092	0.00911	0.01161	0.01072	0.03985	0.30866	0.33867	0.01978	0.01384	0.02815	0.01103	0.06830	0.03988	0.00183	0.02231	0.01613	0.02125	0.00634
105	0.00648	0.00439	0.00490	0.00482	0.00496	0.00439	0.00278	0.02689	0.00675	0.00896	0.01458	0.02821	0.04456	0.79658	0.02086	0.00400	0.00412	0.00631	0.00270	0.00277
106	0.01204	0.47880	0.03876	0.02415	0.05210	0.05790	0.02217	0.12050	0.03089	0.03409	0.00807	0.03876	0.00703	0.00456	0.00386	0.00112	0.03925	0.00326	0.00246	0.02022

[dist]
# distance from previous block
# <min> <max>
2	15

# created by:
# /st0/software/busco_prod/Augustus/scripts/msa2prfl.pl ./align_prep/359032.fa
