[name]
unknown

[dist]
# distance from previous block
# <min> <max>
0	129

[block]
# block no. 0 follows, 58 sequences, length 219
# corresponding to MSA columns:
# 129-277,284-353
name=unknown_A
#
# <colnr> <probs for GDERKNQSTAVLIFYWHMCP>
#	G	D	E	R	K	N	Q	S	T	A	V	L	I	F	Y	W	H	M	C	P
0	0.00721	0.00515	0.00721	0.00824	0.00927	0.00515	0.00721	0.00927	0.01030	0.01339	0.02368	0.05046	0.02574	0.01236	0.00618	0.00206	0.00412	0.78478	0.00412	0.00412
1	0.87439	0.00865	0.00657	0.00588	0.00865	0.01003	0.00484	0.01315	0.00761	0.02007	0.00623	0.00727	0.00484	0.00415	0.00277	0.00138	0.00346	0.00242	0.00277	0.00484
2	0.01639	0.00956	0.01111	0.00895	0.01214	0.00998	0.00725	0.22998	0.26872	0.35193	0.01598	0.01450	0.01097	0.00566	0.00451	0.00142	0.00402	0.00455	0.00494	0.00744
3	0.00676	0.00439	0.00553	0.00581	0.00635	0.00418	0.00388	0.00752	0.00852	0.05984	0.07996	0.38513	0.07487	0.27073	0.05333	0.00280	0.00364	0.00933	0.00376	0.00366
4	0.00631	0.00464	0.00549	0.00534	0.00663	0.00411	0.00403	0.00792	0.01131	0.04147	0.38375	0.07513	0.38088	0.01033	0.00531	0.00149	0.00233	0.03489	0.00454	0.00411
5	0.01979	0.00767	0.01037	0.00799	0.01143	0.00672	0.00659	0.02186	0.03755	0.79308	0.01767	0.01527	0.01115	0.00555	0.00450	0.00139	0.00380	0.00452	0.00551	0.00760
6	0.01107	0.01063	0.01816	0.02746	0.81489	0.01063	0.01373	0.01373	0.01019	0.01461	0.00841	0.01107	0.00709	0.00399	0.00443	0.00133	0.00531	0.00399	0.00221	0.00709
7	0.00605	0.00433	0.00583	0.00682	0.00736	0.00415	0.00512	0.00724	0.00914	0.01203	0.02463	0.54399	0.04711	0.02951	0.00619	0.00194	0.00312	0.26754	0.00411	0.00378
8	0.00548	0.00391	0.00518	0.00618	0.00644	0.00366	0.00410	0.00624	0.00850	0.01133	0.02431	0.81314	0.02915	0.04135	0.00627	0.00190	0.00265	0.01251	0.00410	0.00360
9	0.00550	0.00393	0.00525	0.00629	0.00657	0.00368	0.00424	0.00632	0.00862	0.01148	0.02463	0.81602	0.02947	0.01396	0.00572	0.00182	0.00264	0.03604	0.00415	0.00365
10	0.00928	0.00795	0.00928	0.00663	0.01060	0.00596	0.00530	0.01126	0.00928	0.01458	0.00795	0.00928	0.00663	0.00331	0.00331	0.00066	0.00331	0.00265	0.00265	0.87014
11	0.01128	0.00951	0.01010	0.00908	0.01161	0.01093	0.00711	0.04008	0.75299	0.03160	0.01820	0.01756	0.01385	0.00624	0.00460	0.00153	0.00359	0.02858	0.00455	0.00701
12	0.00592	0.00430	0.00530	0.00564	0.00645	0.00389	0.00397	0.00711	0.00998	0.02758	0.22226	0.39717	0.23016	0.04142	0.00608	0.00172	0.00248	0.01039	0.00432	0.00385
13	0.01700	0.01253	0.01342	0.01029	0.01387	0.01387	0.00850	0.79997	0.02103	0.02819	0.01074	0.01074	0.00761	0.00537	0.00447	0.00134	0.00492	0.00403	0.00447	0.00761
14	0.01669	0.01237	0.01325	0.01023	0.01375	0.01372	0.00843	0.75819	0.06333	0.02768	0.01114	0.01106	0.00793	0.00541	0.00448	0.00135	0.00485	0.00408	0.00448	0.00758
15	0.00548	0.00392	0.00522	0.00621	0.00650	0.00366	0.00415	0.00631	0.00872	0.01166	0.05426	0.80957	0.03006	0.01383	0.00569	0.00180	0.00258	0.01254	0.00418	0.00366
16	0.01247	0.00594	0.00791	0.00664	0.00879	0.00526	0.00525	0.01437	0.01264	0.37697	0.43032	0.02557	0.05365	0.00760	0.00493	0.00140	0.00288	0.00652	0.00517	0.00573
17	0.00640	0.00431	0.00498	0.00507	0.00512	0.00431	0.00293	0.00652	0.00672	0.00898	0.01501	0.10373	0.01734	0.74186	0.04543	0.00419	0.00441	0.00703	0.00283	0.00283
18	0.00557	0.00397	0.00527	0.00620	0.00651	0.00372	0.00418	0.00643	0.00877	0.01174	0.06813	0.75275	0.02980	0.03875	0.00621	0.00188	0.00266	0.02966	0.00415	0.00365
19	0.00928	0.00795	0.00928	0.00663	0.01060	0.00596	0.00530	0.01126	0.00928	0.01458	0.00795	0.00928	0.00663	0.00331	0.00331	0.00066	0.00331	0.00265	0.00265	0.87014
20	0.01301	0.00898	0.01003	0.00875	0.01143	0.00986	0.00688	0.02279	0.60052	0.20187	0.01827	0.04123	0.01354	0.00619	0.00457	0.00150	0.00357	0.00516	0.00477	0.00710
21	0.01096	0.00568	0.00701	0.00604	0.00817	0.00491	0.00475	0.01253	0.01170	0.31025	0.20567	0.03066	0.34629	0.00871	0.00499	0.00144	0.00280	0.00732	0.00483	0.00529
22	0.01665	0.01235	0.01322	0.01022	0.01374	0.01371	0.00842	0.75301	0.06857	0.02762	0.01119	0.01110	0.00797	0.00541	0.00448	0.00135	0.00484	0.00409	0.00448	0.00758
23	0.00569	0.00455	0.00510	0.00496	0.00629	0.00395	0.00372	0.00721	0.01116	0.01437	0.34515	0.03928	0.51181	0.01048	0.00528	0.00147	0.00221	0.00891	0.00445	0.00395
24	0.02007	0.00761	0.01038	0.00796	0.01142	0.00657	0.00657	0.02180	0.01280	0.81799	0.01765	0.01523	0.01107	0.00554	0.00450	0.00138	0.00381	0.00450	0.00554	0.00761
25	0.01913	0.00771	0.01028	0.00801	0.01135	0.00689	0.00657	0.02172	0.07478	0.74150	0.03170	0.01566	0.01182	0.00564	0.00452	0.00139	0.00376	0.00461	0.00545	0.00751
26	0.01086	0.01041	0.01777	0.09242	0.75158	0.01057	0.01362	0.01354	0.01009	0.01436	0.00838	0.01114	0.00699	0.00402	0.00443	0.00134	0.00537	0.00398	0.00220	0.00691
27	0.00845	0.00795	0.01342	0.83204	0.03081	0.00994	0.01242	0.01143	0.00894	0.01143	0.00795	0.01193	0.00596	0.00447	0.00447	0.00149	0.00596	0.00398	0.00199	0.00497
28	0.36318	0.00889	0.01241	0.34513	0.05638	0.01024	0.10447	0.01258	0.00862	0.01545	0.00737	0.00996	0.00565	0.00429	0.00404	0.00145	0.01891	0.00350	0.00235	0.00514
29	0.00651	0.00434	0.00488	0.00488	0.00488	0.00434	0.00271	0.00651	0.00651	0.00867	0.01409	0.02927	0.01626	0.84279	0.02277	0.00434	0.00434	0.00651	0.00271	0.00271
30	0.00967	0.00961	0.01347	0.01158	0.01161	0.01342	0.00964	0.01067	0.00686	0.01075	0.00609	0.01006	0.00606	0.00873	0.04306	0.00214	0.80580	0.00395	0.00197	0.00486
31	0.00727	0.00525	0.00723	0.00819	0.00924	0.00528	0.00709	0.00962	0.03573	0.01349	0.02354	0.07821	0.02550	0.01222	0.00611	0.00203	0.00404	0.73163	0.00413	0.00420
32	0.00897	0.02314	0.81962	0.01275	0.01936	0.01039	0.01653	0.01417	0.00944	0.01417	0.00803	0.00944	0.00567	0.00425	0.00425	0.00142	0.00661	0.00331	0.00189	0.00661
33	0.02007	0.00761	0.01038	0.00796	0.01142	0.00657	0.00657	0.02180	0.01280	0.81799	0.01765	0.01523	0.01107	0.00554	0.00450	0.00138	0.00381	0.00450	0.00554	0.00761
34	0.00721	0.00515	0.00721	0.00824	0.00927	0.00515	0.00721	0.00927	0.01030	0.01339	0.02368	0.05046	0.02574	0.01236	0.00618	0.00206	0.00412	0.78478	0.00412	0.00412
35	0.00630	0.00457	0.00593	0.00559	0.00666	0.00421	0.00419	0.00837	0.01258	0.01775	0.78723	0.03373	0.06763	0.00922	0.00528	0.00141	0.00212	0.00813	0.00490	0.00421
36	0.00639	0.00479	0.00719	0.00719	0.00799	0.00559	0.00559	0.00799	0.00719	0.01038	0.01198	0.01757	0.01118	0.03355	0.82507	0.00719	0.01198	0.00479	0.00240	0.00399
37	0.00617	0.00421	0.00501	0.00532	0.00543	0.00412	0.00320	0.00648	0.00734	0.00982	0.04317	0.27936	0.02121	0.56028	0.01694	0.00346	0.00373	0.00847	0.00323	0.00304
38	0.00651	0.00434	0.00488	0.00488	0.00488	0.00434	0.00271	0.00651	0.00651	0.00867	0.01409	0.02927	0.01626	0.84279	0.02277	0.00434	0.00434	0.00651	0.00271	0.00271
39	0.01127	0.00958	0.01012	0.00908	0.01163	0.01105	0.00707	0.02374	0.79404	0.03156	0.01820	0.01667	0.01361	0.00606	0.00455	0.00152	0.00354	0.00505	0.00457	0.00709
40	0.00727	0.00525	0.00722	0.00819	0.00923	0.00529	0.00708	0.00963	0.03700	0.01349	0.02354	0.08156	0.02549	0.01221	0.00610	0.00203	0.00404	0.72704	0.00413	0.00420
41	0.00651	0.00434	0.00488	0.00488	0.00488	0.00434	0.00271	0.00651	0.00651	0.00867	0.01409	0.02927	0.01626	0.84279	0.02277	0.00434	0.00434	0.00651	0.00271	0.00271
42	0.00651	0.00434	0.00488	0.00488	0.00488	0.00434	0.00271	0.00651	0.00651	0.00867	0.01409	0.02927	0.01626	0.84279	0.02277	0.00434	0.00434	0.00651	0.00271	0.00271
43	0.00836	0.00664	0.02074	0.00677	0.00857	0.00657	0.00530	0.04252	0.23118	0.04571	0.34610	0.05769	0.17893	0.00854	0.00502	0.00147	0.00279	0.00732	0.00460	0.00519
44	0.01884	0.00784	0.01034	0.00805	0.01135	0.00709	0.00660	0.07212	0.04225	0.69723	0.04137	0.03156	0.01224	0.00582	0.00455	0.00140	0.00379	0.00476	0.00539	0.00741
45	0.00571	0.00444	0.00497	0.00521	0.00616	0.00400	0.00366	0.00683	0.02162	0.01182	0.07408	0.23301	0.42609	0.14334	0.00816	0.00204	0.00273	0.02848	0.00397	0.00366
46	0.00740	0.00571	0.00782	0.00744	0.00814	0.00674	0.00569	0.04887	0.00783	0.01121	0.01194	0.04305	0.01175	0.16539	0.50297	0.00546	0.11399	0.00516	0.01937	0.00407
47	0.00979	0.00979	0.01370	0.01174	0.01174	0.01370	0.00979	0.01077	0.00685	0.01077	0.00587	0.00979	0.00587	0.00783	0.01468	0.00196	0.83461	0.00391	0.00196	0.00489
48	0.01962	0.00751	0.01024	0.00788	0.01126	0.00650	0.00650	0.02136	0.01280	0.79176	0.04371	0.01582	0.01209	0.00565	0.00452	0.00138	0.00375	0.00462	0.00552	0.00750
49	0.00834	0.00417	0.00417	0.00417	0.00521	0.00417	0.00313	0.01042	0.00938	0.01668	0.01459	0.01668	0.01147	0.00521	0.00313	0.00104	0.00208	0.00417	0.86763	0.00417
50	0.01241	0.53039	0.14350	0.02723	0.01337	0.07337	0.00922	0.04001	0.00997	0.06673	0.00750	0.00844	0.00616	0.00426	0.00374	0.00113	0.03146	0.00285	0.00227	0.00598
51	0.84550	0.00878	0.00681	0.00603	0.00883	0.01016	0.00497	0.03967	0.00806	0.02034	0.00638	0.00738	0.00494	0.00419	0.00283	0.00138	0.00351	0.00248	0.00283	0.00494
52	0.00928	0.00795	0.00928	0.00663	0.01060	0.00596	0.00530	0.01126	0.00928	0.01458	0.00795	0.00928	0.00663	0.00331	0.00331	0.00066	0.00331	0.00265	0.00265	0.87014
53	0.87439	0.00865	0.00657	0.00588	0.00865	0.01003	0.00484	0.01315	0.00761	0.02007	0.00623	0.00727	0.00484	0.00415	0.00277	0.00138	0.00346	0.00242	0.00277	0.00484
54	0.00550	0.00392	0.00517	0.00616	0.00640	0.00367	0.00408	0.00624	0.00846	0.01128	0.02411	0.79785	0.02890	0.05698	0.00659	0.00195	0.00269	0.01239	0.00408	0.00359
55	0.01662	0.01184	0.01285	0.00997	0.01341	0.01301	0.00819	0.67674	0.07911	0.07982	0.01171	0.01153	0.00829	0.00560	0.00470	0.01575	0.00473	0.00413	0.00451	0.00747
56	0.00602	0.00457	0.00550	0.00538	0.00653	0.00412	0.00404	0.00769	0.01139	0.01526	0.46901	0.05204	0.29598	0.04419	0.00605	0.00160	0.00237	0.04974	0.00452	0.00400
57	0.00546	0.00397	0.00515	0.00606	0.00645	0.00366	0.00409	0.00631	0.00884	0.01168	0.05052	0.74277	0.10131	0.01362	0.00566	0.00178	0.00255	0.01228	0.00418	0.00366
58	0.00834	0.00417	0.00417	0.00417	0.00521	0.00417	0.00313	0.01042	0.00938	0.01668	0.01459	0.01668	0.01147	0.00521	0.00313	0.00104	0.00208	0.00417	0.86763	0.00417
59	0.00640	0.00433	0.00487	0.00490	0.00500	0.00428	0.00280	0.00649	0.00680	0.00897	0.01634	0.05774	0.06493	0.76424	0.02113	0.00408	0.00415	0.00689	0.00285	0.00281
60	0.00698	0.00498	0.00694	0.00795	0.00888	0.00495	0.00678	0.00888	0.01012	0.01322	0.03688	0.14791	0.02649	0.01251	0.00611	0.00202	0.00390	0.67632	0.00414	0.00406
61	0.03024	0.00888	0.01532	0.57226	0.19919	0.01020	0.07608	0.01220	0.00931	0.01256	0.00810	0.01164	0.00625	0.00430	0.00449	0.00145	0.00589	0.00405	0.00208	0.00551
62	0.00731	0.00617	0.00918	0.06318	0.01040	0.00764	0.01903	0.00880	0.00731	0.01058	0.01090	0.04854	0.01051	0.05425	0.51672	0.00525	0.19273	0.00493	0.00235	0.00423
63	0.01139	0.68864	0.17529	0.00863	0.01298	0.01631	0.00935	0.01354	0.00916	0.01122	0.00656	0.00761	0.00573	0.00391	0.00313	0.00104	0.00513	0.00257	0.00191	0.00591
64	0.00593	0.00488	0.00527	0.00521	0.00663	0.00440	0.00391	0.00806	0.06790	0.01357	0.17639	0.08458	0.56415	0.01073	0.00527	0.00152	0.00238	0.02082	0.00432	0.00409
65	0.00545	0.00389	0.00519	0.00623	0.00649	0.00363	0.00415	0.00623	0.00856	0.01142	0.02465	0.83987	0.02959	0.01401	0.00571	0.00182	0.00260	0.01272	0.00415	0.00363
66	0.00920	0.04021	0.71867	0.01328	0.01961	0.01065	0.09846	0.01417	0.00955	0.01410	0.00809	0.00967	0.00579	0.00419	0.00433	0.00142	0.00667	0.00349	0.00193	0.00653
67	0.00639	0.00479	0.00719	0.00719	0.00799	0.00559	0.00559	0.00799	0.00719	0.01038	0.01198	0.01757	0.01118	0.03355	0.82507	0.00719	0.01198	0.00479	0.00240	0.00399
68	0.00651	0.00434	0.00488	0.00488	0.00488	0.00434	0.00271	0.00651	0.00651	0.00867	0.01409	0.02927	0.01626	0.84279	0.02277	0.00434	0.00434	0.00651	0.00271	0.00271
69	0.01674	0.01259	0.01326	0.01027	0.01377	0.03112	0.00844	0.74892	0.05557	0.02740	0.01099	0.01095	0.00783	0.00538	0.00447	0.00135	0.00493	0.00405	0.00443	0.00753
70	0.00591	0.00456	0.00540	0.00519	0.00643	0.00404	0.00389	0.00764	0.01168	0.01560	0.50674	0.03725	0.34945	0.01002	0.00528	0.00145	0.00217	0.00863	0.00462	0.00404
71	0.00639	0.00477	0.00710	0.00710	0.00786	0.00554	0.00548	0.00793	0.00716	0.01032	0.01207	0.01804	0.01138	0.06557	0.79332	0.00708	0.01168	0.00486	0.00241	0.00394
72	0.80006	0.00891	0.00712	0.00623	0.00906	0.01025	0.00513	0.06845	0.00864	0.03393	0.00674	0.00764	0.00514	0.00426	0.00292	0.00138	0.00357	0.00257	0.00293	0.00508
73	0.01095	0.00943	0.00996	0.00898	0.01145	0.01087	0.00698	0.02321	0.77780	0.01868	0.04722	0.01730	0.01470	0.00618	0.00458	0.00151	0.00349	0.00517	0.00457	0.00698
74	0.01903	0.00762	0.01022	0.00792	0.01123	0.00674	0.00651	0.04387	0.02847	0.73426	0.06224	0.01615	0.01278	0.00575	0.00454	0.00139	0.00374	0.00470	0.00545	0.00741
75	0.00543	0.00398	0.00510	0.00599	0.00643	0.00365	0.00405	0.00626	0.00879	0.01151	0.02756	0.72774	0.13984	0.01364	0.00565	0.00177	0.00255	0.01226	0.00415	0.00365
76	0.01707	0.01242	0.01336	0.01024	0.01382	0.01371	0.00846	0.78245	0.02085	0.04598	0.01090	0.01084	0.00769	0.00537	0.00448	0.00134	0.00490	0.00404	0.00450	0.00761
77	0.00699	0.00508	0.00690	0.00782	0.00890	0.00499	0.00678	0.00894	0.01029	0.01324	0.02614	0.04962	0.11512	0.01224	0.00608	0.00200	0.00391	0.69676	0.00412	0.00408
78	0.00777	0.00389	0.00583	0.00583	0.00583	0.00389	0.00389	0.00583	0.00583	0.00777	0.00777	0.01360	0.00777	0.01554	0.01748	0.86985	0.00389	0.00389	0.00194	0.00194
79	0.00633	0.00457	0.00598	0.00563	0.00668	0.00422	0.00422	0.00844	0.01266	0.01794	0.81253	0.03341	0.04221	0.00914	0.00528	0.00141	0.00211	0.00809	0.00492	0.00422
80	0.01429	0.01118	0.01190	0.00974	0.01284	0.01261	0.00785	0.44218	0.38324	0.02382	0.01418	0.01348	0.01039	0.00569	0.00451	0.00142	0.00429	0.00450	0.00451	0.00736
81	0.00545	0.00389	0.00519	0.00623	0.00649	0.00363	0.00415	0.00623	0.00856	0.01142	0.02465	0.83987	0.02959	0.01401	0.00571	0.00182	0.00260	0.01272	0.00415	0.00363
82	0.00630	0.00482	0.00595	0.00653	0.00768	0.00451	0.00531	0.00800	0.02191	0.01281	0.04628	0.14009	0.33168	0.01200	0.00574	0.00180	0.00318	0.36728	0.00416	0.00397
83	0.02007	0.00761	0.01038	0.00796	0.01142	0.00657	0.00657	0.02180	0.01280	0.81799	0.01765	0.01523	0.01107	0.00554	0.00450	0.00138	0.00381	0.00450	0.00554	0.00761
84	0.00545	0.00390	0.00518	0.00620	0.00648	0.00364	0.00414	0.00623	0.00859	0.01143	0.02498	0.82748	0.04177	0.01397	0.00570	0.00181	0.00259	0.01267	0.00415	0.00364
85	0.32766	0.00799	0.00901	0.00721	0.01042	0.00782	0.00595	0.01869	0.01093	0.53070	0.01354	0.01236	0.00883	0.00504	0.00388	0.00138	0.00368	0.00375	0.00454	0.00662
86	0.01104	0.59361	0.26730	0.00921	0.01389	0.01546	0.01037	0.01363	0.00920	0.01164	0.00677	0.00787	0.00572	0.00396	0.00329	0.00110	0.00534	0.00267	0.00191	0.00601
87	0.00651	0.00434	0.00488	0.00488	0.00488	0.00434	0.00271	0.00651	0.00651	0.00867	0.01409	0.02927	0.01626	0.84279	0.02277	0.00434	0.00434	0.00651	0.00271	0.00271
88	0.01156	0.73630	0.12915	0.00833	0.01253	0.01673	0.00883	0.01350	0.00914	0.01101	0.00646	0.00748	0.00573	0.00388	0.00305	0.00102	0.00503	0.00251	0.00191	0.00586
89	0.00897	0.02314	0.81962	0.01275	0.01936	0.01039	0.01653	0.01417	0.00944	0.01417	0.00803	0.00944	0.00567	0.00425	0.00425	0.00142	0.00661	0.00331	0.00189	0.00661
90	0.00928	0.00795	0.00928	0.00663	0.01060	0.00596	0.00530	0.01126	0.00928	0.01458	0.00795	0.00928	0.00663	0.00331	0.00331	0.00066	0.00331	0.00265	0.00265	0.87014
91	0.01074	0.01091	0.02050	0.04646	0.52287	0.01072	0.26876	0.01374	0.01025	0.01438	0.00887	0.02482	0.00732	0.00409	0.00473	0.00140	0.00601	0.00455	0.00226	0.00663
92	0.00847	0.00799	0.01342	0.81553	0.03043	0.01001	0.01237	0.01142	0.00890	0.01142	0.00791	0.01188	0.00596	0.00454	0.00468	0.00150	0.02265	0.00397	0.00199	0.00497
93	0.01700	0.01253	0.01342	0.01029	0.01387	0.01387	0.00850	0.79997	0.02103	0.02819	0.01074	0.01074	0.00761	0.00537	0.00447	0.00134	0.00492	0.00403	0.00447	0.00761
94	0.01265	0.01037	0.01097	0.00941	0.01221	0.01184	0.00745	0.22537	0.60272	0.02117	0.01627	0.01514	0.01208	0.00589	0.00453	0.00147	0.00390	0.00479	0.00453	0.00722
95	0.00590	0.00421	0.00510	0.00561	0.00599	0.00399	0.00369	0.00653	0.00819	0.01072	0.03529	0.39362	0.12874	0.31023	0.01178	0.00268	0.00324	0.04749	0.00365	0.00335
96	0.00854	0.00706	0.00776	0.00713	0.00882	0.03170	0.00545	0.02847	0.30527	0.01782	0.43281	0.03949	0.06553	0.00799	0.00496	0.00145	0.00288	0.00688	0.00465	0.00533
97	0.00711	0.00512	0.00707	0.00805	0.00910	0.00508	0.00701	0.00912	0.01029	0.01332	0.02480	0.05007	0.06650	0.01230	0.00613	0.00203	0.00402	0.74464	0.00412	0.00410
98	0.00643	0.00431	0.00490	0.00497	0.00499	0.00429	0.00281	0.00649	0.00665	0.00886	0.01482	0.08534	0.01718	0.78547	0.02159	0.00416	0.00422	0.00693	0.00281	0.00277
99	0.87439	0.00865	0.00657	0.00588	0.00865	0.01003	0.00484	0.01315	0.00761	0.02007	0.00623	0.00727	0.00484	0.00415	0.00277	0.00138	0.00346	0.00242	0.00277	0.00484
100	0.00657	0.00464	0.00598	0.00561	0.00675	0.00424	0.00422	0.00861	0.01250	0.03529	0.74469	0.03364	0.09197	0.00921	0.00526	0.00141	0.00216	0.00810	0.00489	0.00427
101	0.00545	0.00389	0.00519	0.00623	0.00649	0.00363	0.00415	0.00623	0.00856	0.01142	0.02465	0.83987	0.02959	0.01401	0.00571	0.00182	0.00260	0.01272	0.00415	0.00363
102	0.01125	0.00967	0.01019	0.00913	0.01168	0.01119	0.00711	0.04055	0.78982	0.01892	0.01805	0.01656	0.01352	0.00605	0.00455	0.00151	0.00357	0.00504	0.00455	0.00709
103	0.00706	0.00557	0.00589	0.00560	0.00728	0.00521	0.00425	0.06185	0.08475	0.03625	0.04956	0.10339	0.58607	0.01047	0.00518	0.00152	0.00263	0.00878	0.00426	0.00444
104	0.03523	0.00817	0.01048	0.00810	0.01152	0.02940	0.00666	0.04720	0.01298	0.75539	0.01692	0.01474	0.01070	0.00548	0.00445	0.00138	0.00395	0.00440	0.00536	0.00750
105	0.00633	0.00457	0.00598	0.00563	0.00668	0.00422	0.00422	0.00844	0.01266	0.01794	0.81253	0.03341	0.04221	0.00914	0.00528	0.00141	0.00211	0.00809	0.00492	0.00422
106	0.00845	0.00795	0.01342	0.83204	0.03081	0.00994	0.01242	0.01143	0.00894	0.01143	0.00795	0.01193	0.00596	0.00447	0.00447	0.00149	0.00596	0.00398	0.00199	0.00497
107	0.00588	0.00496	0.00514	0.00502	0.00657	0.00443	0.00379	0.00806	0.07639	0.01322	0.12019	0.03990	0.66941	0.01067	0.00522	0.00150	0.00236	0.00894	0.00426	0.00409
108	0.00640	0.00476	0.00704	0.00704	0.00779	0.00551	0.00540	0.00789	0.00714	0.01027	0.01212	0.01834	0.01151	0.08635	0.77272	0.00700	0.01148	0.00490	0.00242	0.00391
109	0.01019	0.01097	0.02030	0.01544	0.01780	0.01246	0.42017	0.01262	0.00878	0.01262	0.00753	0.01097	0.00635	0.00572	0.00979	0.00172	0.40435	0.00462	0.00212	0.00549
110	0.01227	0.79088	0.02273	0.00791	0.01164	0.07118	0.00772	0.01369	0.00933	0.01055	0.00626	0.00723	0.00574	0.00388	0.00295	0.00097	0.00500	0.00242	0.00194	0.00570
111	0.00847	0.00798	0.01342	0.81878	0.03050	0.01000	0.01238	0.01142	0.00891	0.01142	0.00792	0.01189	0.00596	0.00453	0.00464	0.00150	0.01936	0.00397	0.00199	0.00497
112	0.00799	0.00488	0.02478	0.03313	0.00757	0.00476	0.01873	0.00685	0.00643	0.02278	0.00907	0.06305	0.00915	0.03429	0.01565	0.68734	0.03435	0.00450	0.00216	0.00254
113	0.87439	0.00865	0.00657	0.00588	0.00865	0.01003	0.00484	0.01315	0.00761	0.02007	0.00623	0.00727	0.00484	0.00415	0.00277	0.00138	0.00346	0.00242	0.00277	0.00484
114	0.00639	0.00479	0.00719	0.00719	0.00799	0.00559	0.00559	0.00799	0.00719	0.01038	0.01198	0.01757	0.01118	0.03355	0.82507	0.00719	0.01198	0.00479	0.00240	0.00399
115	0.87439	0.00865	0.00657	0.00588	0.00865	0.01003	0.00484	0.01315	0.00761	0.02007	0.00623	0.00727	0.00484	0.00415	0.00277	0.00138	0.00346	0.00242	0.00277	0.00484
116	0.00604	0.00456	0.00558	0.00532	0.00651	0.00410	0.00399	0.00788	0.01198	0.01632	0.60029	0.03608	0.25546	0.00975	0.00528	0.00144	0.00215	0.00846	0.00471	0.00410
117	0.00639	0.00478	0.00711	0.00711	0.00789	0.00555	0.00550	0.00794	0.00717	0.01033	0.01205	0.01796	0.01135	0.06024	0.79861	0.00710	0.01173	0.00485	0.00241	0.00395
118	0.01700	0.01253	0.01342	0.01029	0.01387	0.01387	0.00850	0.79997	0.02103	0.02819	0.01074	0.01074	0.00761	0.00537	0.00447	0.00134	0.00492	0.00403	0.00447	0.00761
119	0.87439	0.00865	0.00657	0.00588	0.00865	0.01003	0.00484	0.01315	0.00761	0.02007	0.00623	0.00727	0.00484	0.00415	0.00277	0.00138	0.00346	0.00242	0.00277	0.00484
120	0.00928	0.00795	0.00928	0.00663	0.01060	0.00596	0.00530	0.01126	0.00928	0.01458	0.00795	0.00928	0.00663	0.00331	0.00331	0.00066	0.00331	0.00265	0.00265	0.87014
121	0.00530	0.00453	0.00456	0.00455	0.00605	0.00378	0.00341	0.00645	0.01024	0.01218	0.05796	0.04289	0.80037	0.01129	0.00529	0.00151	0.00226	0.00942	0.00417	0.00378
122	0.87439	0.00865	0.00657	0.00588	0.00865	0.01003	0.00484	0.01315	0.00761	0.02007	0.00623	0.00727	0.00484	0.00415	0.00277	0.00138	0.00346	0.00242	0.00277	0.00484
123	0.01251	0.01021	0.01086	0.00934	0.01209	0.01163	0.00740	0.22445	0.57787	0.02108	0.02959	0.01594	0.01275	0.00603	0.00457	0.00148	0.00388	0.01666	0.00453	0.00712
124	0.02007	0.00761	0.01038	0.00796	0.01142	0.00657	0.00657	0.02180	0.01280	0.81799	0.01765	0.01523	0.01107	0.00554	0.00450	0.00138	0.00381	0.00450	0.00554	0.00761
125	0.00637	0.00473	0.00595	0.00562	0.00677	0.00439	0.00422	0.00871	0.03808	0.01732	0.70189	0.03394	0.12663	0.00929	0.00525	0.00142	0.00217	0.00814	0.00483	0.00426
126	0.00582	0.00405	0.00508	0.00576	0.00593	0.00388	0.00365	0.00633	0.00784	0.01046	0.02096	0.55637	0.02493	0.30387	0.01168	0.00270	0.00320	0.01054	0.00365	0.00331
127	0.00633	0.00475	0.00544	0.00554	0.00695	0.00419	0.00436	0.00775	0.01053	0.04318	0.12123	0.06648	0.52575	0.01116	0.00544	0.00161	0.00267	0.15833	0.00428	0.00403
128	0.00542	0.00462	0.00468	0.00469	0.00618	0.00393	0.00351	0.00680	0.02780	0.01221	0.04396	0.07157	0.76674	0.01131	0.00529	0.00152	0.00231	0.00946	0.00416	0.00384
129	0.01376	0.00902	0.01019	0.00877	0.01157	0.00978	0.00693	0.02319	0.57278	0.25429	0.01804	0.01626	0.01289	0.00591	0.00454	0.00148	0.00362	0.00489	0.00484	0.00724
130	0.00977	0.00555	0.00706	0.00625	0.00802	0.00506	0.00486	0.01213	0.04847	0.21202	0.46216	0.02986	0.14007	0.00849	0.00507	0.00143	0.00265	0.02104	0.00494	0.00511
131	0.01102	0.01058	0.01807	0.04242	0.80031	0.01062	0.01370	0.01369	0.01016	0.01455	0.00841	0.01109	0.00706	0.00399	0.00443	0.00133	0.00533	0.00399	0.00221	0.00705
132	0.00769	0.00391	0.00577	0.00577	0.00577	0.00391	0.00381	0.00587	0.00587	0.00782	0.00815	0.01455	0.00828	0.06559	0.01780	0.81748	0.00391	0.00404	0.00199	0.00199
133	0.00545	0.00389	0.00519	0.00623	0.00649	0.00363	0.00415	0.00623	0.00856	0.01142	0.02465	0.83987	0.02959	0.01401	0.00571	0.00182	0.00260	0.01272	0.00415	0.00363
134	0.01065	0.01159	0.02393	0.07316	0.11387	0.01120	0.62079	0.03337	0.02772	0.01460	0.00914	0.01201	0.00693	0.00393	0.00509	0.00148	0.00703	0.00501	0.00234	0.00614
135	0.01087	0.01081	0.01958	0.02489	0.61436	0.01067	0.18398	0.01392	0.02521	0.01458	0.00901	0.02520	0.00752	0.00415	0.00464	0.00138	0.00572	0.00443	0.00230	0.00680
136	0.00721	0.00515	0.00721	0.00824	0.00927	0.00515	0.00721	0.00927	0.01030	0.01339	0.02368	0.05046	0.02574	0.01236	0.00618	0.00206	0.00412	0.78478	0.00412	0.00412
137	0.01093	0.01049	0.01790	0.07025	0.77319	0.01059	0.01366	0.01361	0.01012	0.01444	0.00839	0.01112	0.00703	0.00401	0.00443	0.00134	0.00535	0.00399	0.00220	0.00697
138	0.00934	0.04767	0.61803	0.04363	0.02026	0.01078	0.15993	0.01407	0.00962	0.01398	0.00815	0.00994	0.00589	0.00416	0.00440	0.00142	0.00670	0.00366	0.00196	0.00642
139	0.00983	0.00907	0.01469	0.05104	0.55689	0.00921	0.01119	0.01291	0.07339	0.01417	0.01250	0.18097	0.01217	0.00622	0.00470	0.00145	0.00464	0.00586	0.00279	0.00630
140	0.01020	0.00973	0.01657	0.29617	0.55303	0.01040	0.01329	0.01296	0.00977	0.01355	0.00826	0.01136	0.00671	0.00415	0.00444	0.00138	0.00553	0.00398	0.00214	0.00638
141	0.56500	0.00852	0.00820	0.03515	0.02747	0.00932	0.00582	0.05844	0.00965	0.19540	0.00935	0.00973	0.00665	0.00456	0.00335	0.00137	0.00370	0.00311	0.02956	0.00564
142	0.00664	0.00477	0.00606	0.00678	0.00729	0.00435	0.00460	0.00738	0.00993	0.01350	0.16140	0.67655	0.04539	0.01363	0.00603	0.00191	0.00286	0.01205	0.00459	0.00427
143	0.00640	0.00476	0.00702	0.00702	0.00776	0.00550	0.00538	0.00788	0.00714	0.01026	0.01214	0.01843	0.01156	0.09305	0.76608	0.00698	0.01142	0.00492	0.00242	0.00390
144	0.00928	0.00795	0.00928	0.00663	0.01060	0.00596	0.00530	0.01126	0.00928	0.01458	0.00795	0.00928	0.00663	0.00331	0.00331	0.00066	0.00331	0.00265	0.00265	0.87014
145	0.01108	0.58687	0.24446	0.00948	0.01410	0.01544	0.03900	0.01364	0.00924	0.01167	0.00682	0.00798	0.00576	0.00394	0.00334	0.00110	0.00539	0.00275	0.00192	0.00599
146	0.01083	0.01035	0.01765	0.08177	0.74773	0.01049	0.01353	0.01350	0.01010	0.01438	0.00865	0.01181	0.00733	0.00416	0.00446	0.00135	0.00534	0.01746	0.00223	0.00689
147	0.01630	0.01200	0.01313	0.02817	0.02732	0.01328	0.00849	0.67924	0.08842	0.05047	0.01149	0.01142	0.00819	0.00539	0.00448	0.00136	0.00480	0.00413	0.00442	0.00750
148	0.00626	0.00457	0.00588	0.00555	0.00664	0.00419	0.00416	0.00830	0.01249	0.01754	0.76036	0.03407	0.09463	0.00929	0.00528	0.00141	0.00212	0.00818	0.00487	0.00419
149	0.00639	0.00479	0.00719	0.00719	0.00799	0.00559	0.00559	0.00799	0.00719	0.01038	0.01198	0.01757	0.01118	0.03355	0.82507	0.00719	0.01198	0.00479	0.00240	0.00399
150	0.01177	0.00947	0.01013	0.00902	0.01162	0.01080	0.00704	0.02363	0.74976	0.07614	0.01817	0.01658	0.01347	0.00603	0.00455	0.00151	0.00356	0.00502	0.00462	0.00712
151	0.01056	0.01207	0.02640	0.01885	0.02338	0.01131	0.79864	0.01433	0.01056	0.01433	0.00905	0.01207	0.00679	0.00377	0.00528	0.00151	0.00754	0.00528	0.00226	0.00603
152	0.01056	0.01207	0.02640	0.01885	0.02338	0.01131	0.79864	0.01433	0.01056	0.01433	0.00905	0.01207	0.00679	0.00377	0.00528	0.00151	0.00754	0.00528	0.00226	0.00603
153	0.00577	0.00455	0.00520	0.00504	0.00634	0.00398	0.00378	0.00735	0.01133	0.01478	0.39801	0.03862	0.45870	0.01032	0.00528	0.00146	0.00219	0.00882	0.00451	0.00398
154	0.87439	0.00865	0.00657	0.00588	0.00865	0.01003	0.00484	0.01315	0.00761	0.02007	0.00623	0.00727	0.00484	0.00415	0.00277	0.00138	0.00346	0.00242	0.00277	0.00484
155	0.00928	0.00795	0.00928	0.00663	0.01060	0.00596	0.00530	0.01126	0.00928	0.01458	0.00795	0.00928	0.00663	0.00331	0.00331	0.00066	0.00331	0.00265	0.00265	0.87014
156	0.87439	0.00865	0.00657	0.00588	0.00865	0.01003	0.00484	0.01315	0.00761	0.02007	0.00623	0.00727	0.00484	0.00415	0.00277	0.00138	0.00346	0.00242	0.00277	0.00484
157	0.00686	0.00414	0.00471	0.00503	0.00550	0.00406	0.00331	0.00787	0.00821	0.01250	0.01755	0.27580	0.01861	0.27505	0.01019	0.00233	0.00296	0.00756	0.32421	0.00354
158	0.00834	0.00417	0.00417	0.00417	0.00521	0.00417	0.00313	0.01042	0.00938	0.01668	0.01459	0.01668	0.01147	0.00521	0.00313	0.00104	0.00208	0.00417	0.86763	0.00417
159	0.00651	0.00434	0.00488	0.00488	0.00488	0.00434	0.00271	0.00651	0.00651	0.00867	0.01409	0.02927	0.01626	0.84279	0.02277	0.00434	0.00434	0.00651	0.00271	0.00271
160	0.87439	0.00865	0.00657	0.00588	0.00865	0.01003	0.00484	0.01315	0.00761	0.02007	0.00623	0.00727	0.00484	0.00415	0.00277	0.00138	0.00346	0.00242	0.00277	0.00484
161	0.02007	0.00761	0.01038	0.00796	0.01142	0.00657	0.00657	0.02180	0.01280	0.81799	0.01765	0.01523	0.01107	0.00554	0.00450	0.00138	0.00381	0.00450	0.00554	0.00761
162	0.00545	0.00389	0.00519	0.00623	0.00649	0.00363	0.00415	0.00623	0.00856	0.01142	0.02465	0.83987	0.02959	0.01401	0.00571	0.00182	0.00260	0.01272	0.00415	0.00363
163	0.05127	0.00765	0.01024	0.00788	0.01132	0.00670	0.00651	0.02148	0.01261	0.78885	0.01723	0.01493	0.01085	0.00549	0.00444	0.00138	0.00379	0.00442	0.00544	0.00751
164	0.00545	0.00389	0.00519	0.00623	0.00649	0.00363	0.00415	0.00623	0.00856	0.01142	0.02465	0.83987	0.02959	0.01401	0.00571	0.00182	0.00260	0.01272	0.00415	0.00363
165	0.00721	0.00515	0.00721	0.00824	0.00927	0.00515	0.00721	0.00927	0.01030	0.01339	0.02368	0.05046	0.02574	0.01236	0.00618	0.00206	0.00412	0.78478	0.00412	0.00412
166	0.00545	0.00389	0.00519	0.00623	0.00649	0.00363	0.00415	0.00623	0.00856	0.01142	0.02465	0.83987	0.02959	0.01401	0.00571	0.00182	0.00260	0.01272	0.00415	0.00363
167	0.00853	0.00804	0.01353	0.80091	0.04816	0.01001	0.01241	0.01147	0.00894	0.01149	0.00793	0.01187	0.00599	0.00451	0.00463	0.00149	0.01910	0.00397	0.00199	0.00502
168	0.00651	0.00434	0.00488	0.00488	0.00488	0.00434	0.00271	0.00651	0.00651	0.00867	0.01409	0.02927	0.01626	0.84279	0.02277	0.00434	0.00434	0.00651	0.00271	0.00271
169	0.00652	0.00461	0.00592	0.00589	0.00620	0.00498	0.00395	0.00715	0.00678	0.00937	0.01314	0.02442	0.01412	0.51568	0.33265	0.00540	0.02162	0.00580	0.00258	0.00324
170	0.00651	0.00434	0.00488	0.00488	0.00488	0.00434	0.00271	0.00651	0.00651	0.00867	0.01409	0.02927	0.01626	0.84279	0.02277	0.00434	0.00434	0.00651	0.00271	0.00271
171	0.00913	0.02205	0.74159	0.01335	0.01976	0.01048	0.09346	0.01418	0.00955	0.01418	0.00813	0.00970	0.00578	0.00420	0.00435	0.00143	0.00670	0.00350	0.00193	0.00655
172	0.00986	0.26662	0.58388	0.01124	0.01703	0.01255	0.01390	0.01394	0.00934	0.01309	0.00749	0.00877	0.00569	0.00412	0.00384	0.00128	0.00607	0.00303	0.00190	0.00635
173	0.00777	0.00389	0.00583	0.00583	0.00583	0.00389	0.00389	0.00583	0.00583	0.00777	0.00777	0.01360	0.00777	0.01554	0.01748	0.86985	0.00389	0.00389	0.00194	0.00194
174	0.01187	0.82064	0.04750	0.00781	0.01172	0.01748	0.00792	0.01342	0.00910	0.01063	0.00627	0.00724	0.00574	0.00384	0.00291	0.00097	0.00484	0.00242	0.00191	0.00577
175	0.00653	0.00500	0.00749	0.02151	0.00849	0.00591	0.00584	0.00813	0.00721	0.01041	0.01173	0.01724	0.01093	0.03227	0.78655	0.00693	0.03665	0.00475	0.00238	0.00404
176	0.01505	0.00896	0.01041	0.00868	0.01167	0.00938	0.00694	0.06975	0.42760	0.34093	0.01737	0.01563	0.01214	0.00577	0.00451	0.00144	0.00373	0.00473	0.00491	0.02040
177	0.00639	0.00479	0.00719	0.00719	0.00799	0.00559	0.00559	0.00799	0.00719	0.01038	0.01198	0.01757	0.01118	0.03355	0.82507	0.00719	0.01198	0.00479	0.00240	0.00399
178	0.00633	0.00457	0.00598	0.00563	0.00668	0.00422	0.00422	0.00844	0.01266	0.01794	0.81253	0.03341	0.04221	0.00914	0.00528	0.00141	0.00211	0.00809	0.00492	0.00422
179	0.00979	0.00979	0.01370	0.01174	0.01174	0.01370	0.00979	0.01077	0.00685	0.01077	0.00587	0.00979	0.00587	0.00783	0.01468	0.00196	0.83461	0.00391	0.00196	0.00489
180	0.01700	0.01253	0.01342	0.01029	0.01387	0.01387	0.00850	0.79997	0.02103	0.02819	0.01074	0.01074	0.00761	0.00537	0.00447	0.00134	0.00492	0.00403	0.00447	0.00761
181	0.00655	0.00433	0.00486	0.00486	0.00489	0.00433	0.00272	0.00659	0.00657	0.00885	0.01411	0.02899	0.01616	0.82422	0.02233	0.00426	0.00429	0.00645	0.02189	0.00274
182	0.00639	0.00479	0.00719	0.00719	0.00799	0.00559	0.00559	0.00799	0.00719	0.01038	0.01198	0.01757	0.01118	0.03355	0.82507	0.00719	0.01198	0.00479	0.00240	0.00399
183	0.00979	0.00979	0.01370	0.01174	0.01174	0.01370	0.00979	0.01077	0.00685	0.01077	0.00587	0.00979	0.00587	0.00783	0.01468	0.00196	0.83461	0.00391	0.00196	0.00489
184	0.02470	0.00417	0.00463	0.00497	0.00577	0.00410	0.00355	0.00894	0.00915	0.01493	0.04152	0.30686	0.01862	0.00841	0.00409	0.00133	0.00229	0.00726	0.52068	0.00400
185	0.01821	0.00979	0.01158	0.00891	0.01234	0.00990	0.00735	0.38523	0.01653	0.41944	0.01431	0.01318	0.00947	0.00545	0.00444	0.00135	0.00427	0.00427	0.03653	0.00748
186	0.00545	0.00389	0.00519	0.00623	0.00649	0.00363	0.00415	0.00623	0.00856	0.01142	0.02465	0.83987	0.02959	0.01401	0.00571	0.00182	0.00260	0.01272	0.00415	0.00363
187	0.01945	0.00785	0.01045	0.00805	0.01144	0.00700	0.00663	0.07381	0.01335	0.74062	0.04120	0.01547	0.01178	0.00563	0.00452	0.00138	0.00383	0.00458	0.00545	0.00751
188	0.00761	0.00506	0.00688	0.00720	0.00839	0.00486	0.00600	0.00962	0.01123	0.06358	0.29605	0.05585	0.04833	0.01084	0.00574	0.00178	0.00334	0.43880	0.00448	0.00435
189	0.01750	0.01174	0.01293	0.00992	0.01348	0.01270	0.00819	0.67456	0.01971	0.15548	0.01185	0.01146	0.00817	0.00540	0.00448	0.00135	0.00474	0.00410	0.00465	0.00761
190	0.00646	0.00432	0.00489	0.00493	0.00494	0.00431	0.00277	0.00649	0.00659	0.00878	0.01452	0.06187	0.01680	0.80946	0.02208	0.00424	0.00427	0.00675	0.00277	0.00275
191	0.00631	0.00473	0.00587	0.00555	0.00674	0.00438	0.00417	0.00861	0.03893	0.01695	0.65304	0.03452	0.17467	0.00942	0.00525	0.00143	0.00219	0.00822	0.00478	0.00424
192	0.00545	0.00389	0.00519	0.00623	0.00649	0.00363	0.00415	0.00623	0.00856	0.01142	0.02465	0.83987	0.02959	0.01401	0.00571	0.00182	0.00260	0.01272	0.00415	0.00363
193	0.00548	0.00393	0.00521	0.00623	0.00653	0.00367	0.00419	0.00629	0.00863	0.01147	0.02510	0.80710	0.04716	0.01392	0.00571	0.00181	0.00262	0.02715	0.00415	0.00365
194	0.00545	0.00389	0.00519	0.00623	0.00649	0.00363	0.00415	0.00623	0.00856	0.01142	0.02465	0.83987	0.02959	0.01401	0.00571	0.00182	0.00260	0.01272	0.00415	0.00363
195	0.00928	0.00795	0.00928	0.00663	0.01060	0.00596	0.00530	0.01126	0.00928	0.01458	0.00795	0.00928	0.00663	0.00331	0.00331	0.00066	0.00331	0.00265	0.00265	0.87014
196	0.01107	0.01063	0.01816	0.02746	0.81489	0.01063	0.01373	0.01373	0.01019	0.01461	0.00841	0.01107	0.00709	0.00399	0.00443	0.00133	0.00531	0.00399	0.00221	0.00709
197	0.00910	0.00844	0.06938	0.01366	0.27482	0.00737	0.00853	0.02955	0.04569	0.05364	0.34101	0.03793	0.06845	0.00692	0.00485	0.00140	0.00372	0.00616	0.00375	0.00566
198	0.01671	0.02132	0.01268	0.01152	0.01383	0.82483	0.00864	0.01786	0.01268	0.01095	0.00691	0.00807	0.00576	0.00461	0.00403	0.00115	0.00807	0.00288	0.00230	0.00519
199	0.01012	0.00951	0.01582	0.35121	0.44968	0.01029	0.01278	0.03436	0.00995	0.01370	0.00828	0.01135	0.00663	0.00420	0.00441	0.00137	0.00550	0.00394	0.00220	0.03471
200	0.00920	0.00845	0.01440	0.01887	0.44393	0.00859	0.07264	0.01142	0.00911	0.01294	0.01059	0.05676	0.00984	0.05583	0.23409	0.00316	0.00716	0.00489	0.00239	0.00574
201	0.12822	0.00770	0.00983	0.00766	0.01099	0.00698	0.00632	0.02050	0.01214	0.70440	0.02850	0.01450	0.01076	0.00542	0.00429	0.00138	0.00374	0.00429	0.00518	0.00721
202	0.81892	0.00853	0.00665	0.00596	0.00866	0.00985	0.00488	0.01327	0.02980	0.01995	0.03601	0.00848	0.00645	0.00439	0.00291	0.00139	0.00341	0.00270	0.00290	0.00488
203	0.06437	0.04310	0.04160	0.00996	0.01298	0.22844	0.00814	0.24940	0.23875	0.04153	0.01151	0.01146	0.00863	0.00520	0.00422	0.00133	0.00531	0.00385	0.00367	0.00655
204	0.51060	0.00851	0.00829	0.00685	0.00992	0.00899	0.00563	0.05519	0.02485	0.27212	0.01035	0.01021	0.00718	0.00465	0.00345	0.00136	0.00364	0.00322	0.00376	0.04124
205	0.54423	0.00962	0.04705	0.16806	0.01534	0.01021	0.10755	0.01318	0.02108	0.01738	0.00719	0.00903	0.00549	0.00420	0.00351	0.00142	0.00461	0.00317	0.00254	0.00513
206	0.01511	0.03180	0.01179	0.00991	0.02591	0.32417	0.00763	0.09709	0.15444	0.14692	0.01122	0.01124	0.00836	0.00490	0.00413	0.00121	0.00550	0.00363	0.00349	0.12156
207	0.04460	0.00786	0.00956	0.00706	0.01081	0.00632	0.00572	0.01497	0.01043	0.29207	0.01123	0.01126	0.00810	0.00411	0.00370	0.00094	0.00349	0.00328	0.00365	0.54084
208	0.01839	0.00725	0.00985	0.00773	0.01087	0.00631	0.00634	0.02013	0.01262	0.71848	0.08122	0.01788	0.01405	0.01996	0.00491	0.00145	0.00369	0.02630	0.00540	0.00716
209	0.01067	0.01022	0.01743	0.15034	0.69513	0.01052	0.01353	0.01338	0.01000	0.01413	0.00834	0.01120	0.00691	0.00406	0.00444	0.00135	0.00541	0.00398	0.00218	0.00676
210	0.00548	0.00395	0.00521	0.00620	0.00653	0.00367	0.00419	0.00630	0.00867	0.01149	0.02551	0.78927	0.06263	0.01387	0.00570	0.00181	0.00261	0.02912	0.00415	0.00365
211	0.02864	0.37881	0.01756	0.00993	0.04911	0.11818	0.00823	0.23107	0.07683	0.01645	0.00861	0.00925	0.00694	0.00461	0.00385	0.00117	0.01831	0.00322	0.00291	0.00632
212	0.00816	0.00416	0.00433	0.00434	0.00528	0.00415	0.00319	0.00993	0.00913	0.01585	0.02754	0.03177	0.01226	0.03531	0.00466	0.04738	0.00227	0.00445	0.76183	0.00399
213	0.02614	0.00838	0.00948	0.00796	0.01013	0.00906	0.00630	0.36047	0.01387	0.03166	0.01250	0.06599	0.01088	0.07226	0.13435	0.02123	0.01872	0.01638	0.11815	0.04609
214	0.01187	0.00944	0.01014	0.00901	0.01161	0.01075	0.00704	0.02361	0.74076	0.08520	0.01816	0.01657	0.01344	0.00602	0.00455	0.00151	0.00356	0.00501	0.00463	0.00712
215	0.00547	0.00390	0.00518	0.00620	0.00645	0.00365	0.00412	0.00623	0.00852	0.01136	0.02443	0.82251	0.02930	0.03177	0.00607	0.00187	0.00263	0.01258	0.00412	0.00361
216	0.00855	0.00437	0.00439	0.00432	0.00542	0.00441	0.00326	0.02962	0.00966	0.01696	0.01450	0.01653	0.01137	0.00522	0.00316	0.00105	0.00215	0.00417	0.84664	0.00425
217	0.02577	0.00426	0.00422	0.00420	0.00528	0.00429	0.00316	0.01048	0.00935	0.01675	0.01442	0.01649	0.01133	0.00519	0.00312	0.00105	0.00211	0.00413	0.85021	0.00418
218	0.01164	0.00557	0.00638	0.00562	0.00743	0.00541	0.00440	0.02779	0.06155	0.22500	0.04186	0.01675	0.01245	0.00548	0.00367	0.00118	0.00267	0.00444	0.54539	0.00531

[dist]
# distance from previous block
# <min> <max>
0	183

# created by:
# /st0/software/busco_prod/Augustus/scripts/msa2prfl.pl ./align_prep/361842.fa
