[name]
unknown

[dist]
# distance from previous block
# <min> <max>
0	77

[block]
# block no. 0 follows, 64 sequences, length 16
# corresponding to MSA columns:
# 77-92
name=unknown_A
#
# <colnr> <probs for GDERKNQSTAVLIFYWHMCP>
#	G	D	E	R	K	N	Q	S	T	A	V	L	I	F	Y	W	H	M	C	P
0	0.05188	0.05322	0.14041	0.00877	0.02745	0.03964	0.02221	0.13077	0.01128	0.23014	0.03664	0.03526	0.07325	0.00589	0.00459	0.00133	0.04115	0.06022	0.00351	0.02240
1	0.01219	0.03248	0.03878	0.04902	0.04212	0.02314	0.04313	0.15222	0.02126	0.22901	0.02119	0.14721	0.01115	0.00602	0.00470	0.00129	0.04805	0.00502	0.00358	0.10844
2	0.05137	0.02610	0.08333	0.04365	0.06336	0.03456	0.00708	0.02801	0.11349	0.23761	0.04089	0.01321	0.00981	0.04906	0.00472	0.00132	0.00388	0.00385	0.04828	0.13641
3	0.16267	0.00666	0.04931	0.00646	0.00852	0.00593	0.00531	0.01236	0.02827	0.24884	0.12821	0.14873	0.01573	0.02690	0.04250	0.04757	0.00352	0.00546	0.01792	0.02911
4	0.00879	0.00694	0.00832	0.02549	0.00985	0.00553	0.00506	0.03008	0.00895	0.05532	0.01008	0.12672	0.00935	0.00464	0.00349	0.00083	0.00310	0.00391	0.00282	0.67070
5	0.08882	0.00914	0.00978	0.00779	0.01045	0.00969	0.00618	0.45320	0.02881	0.03417	0.01059	0.05526	0.00904	0.12368	0.00630	0.00158	0.00402	0.00420	0.00356	0.12373
6	0.08190	0.00579	0.00744	0.00700	0.00769	0.00673	0.00546	0.00837	0.00888	0.01337	0.30774	0.18639	0.03611	0.02402	0.00751	0.00160	0.23422	0.04239	0.00342	0.00400
7	0.00891	0.00528	0.00648	0.00575	0.00745	0.00487	0.00446	0.01142	0.08210	0.19902	0.38032	0.02805	0.22335	0.00798	0.00468	0.00133	0.00247	0.00682	0.00450	0.00476
8	0.02317	0.44146	0.12218	0.12046	0.01341	0.02878	0.00825	0.01212	0.00915	0.05357	0.12135	0.01134	0.01032	0.00448	0.00344	0.00110	0.00446	0.00338	0.00237	0.00521
9	0.00784	0.00720	0.01201	0.80008	0.02736	0.00895	0.01108	0.01056	0.00833	0.01087	0.00771	0.01131	0.00580	0.00419	0.00409	0.00136	0.00535	0.00370	0.04764	0.00458
10	0.00722	0.00649	0.00721	0.00702	0.00798	0.11731	0.00540	0.00871	0.00807	0.01069	0.12433	0.01718	0.01373	0.02436	0.60870	0.00517	0.00935	0.00464	0.00254	0.00389
11	0.00605	0.00398	0.00502	0.00515	0.00530	0.00406	0.00326	0.00613	0.00632	0.00854	0.01337	0.13871	0.01505	0.49792	0.14258	0.12220	0.00483	0.00628	0.00256	0.00272
12	0.00960	0.00820	0.00899	0.04548	0.01096	0.00939	0.00643	0.01957	0.67117	0.01697	0.12951	0.01747	0.01606	0.00597	0.00432	0.00139	0.00320	0.00504	0.00417	0.00612
13	0.00859	0.00749	0.01150	0.59374	0.04342	0.00892	0.01000	0.11844	0.00980	0.01279	0.00991	0.12830	0.00883	0.00549	0.00431	0.00140	0.00495	0.00483	0.00244	0.00482
14	0.00703	0.00369	0.00543	0.00539	0.00552	0.00365	0.00365	0.00574	0.00627	0.00849	0.11770	0.01511	0.01153	0.01363	0.01470	0.76069	0.00339	0.00413	0.00218	0.00209
15	0.00649	0.00534	0.00888	0.00790	0.00902	0.00578	0.11770	0.00805	0.00703	0.00994	0.01101	0.01707	0.01045	0.13833	0.61105	0.00558	0.00959	0.00473	0.00225	0.00381

[dist]
# distance from previous block
# <min> <max>
4	7

[block]
# block no. 1 follows, 64 sequences, length 11
# corresponding to MSA columns:
# 101-111
name=unknown_B
#
# <colnr> <probs for GDERKNQSTAVLIFYWHMCP>
#	G	D	E	R	K	N	Q	S	T	A	V	L	I	F	Y	W	H	M	C	P
0	0.65816	0.00832	0.00772	0.19112	0.01276	0.03941	0.00618	0.01202	0.00751	0.01655	0.00616	0.00773	0.00476	0.00394	0.00296	0.00130	0.00388	0.00258	0.00239	0.00454
1	0.00991	0.00999	0.01551	0.28796	0.44855	0.07966	0.06411	0.01242	0.00930	0.01231	0.00759	0.01036	0.00612	0.00388	0.00415	0.00128	0.00548	0.00369	0.00200	0.00573
2	0.00960	0.03321	0.00943	0.00724	0.01014	0.03190	0.02830	0.03884	0.18870	0.05253	0.01160	0.09387	0.01008	0.02420	0.00411	0.00107	0.00343	0.00415	0.00313	0.43448
3	0.03321	0.00829	0.18787	0.04474	0.00918	0.00583	0.00625	0.03525	0.00899	0.01516	0.01158	0.01338	0.00893	0.00459	0.00322	0.00108	0.00315	0.00364	0.59114	0.00452
4	0.00850	0.01874	0.65119	0.01163	0.01641	0.01033	0.01396	0.01246	0.00824	0.01246	0.00701	0.00884	0.00530	0.00468	0.00609	0.00143	0.19198	0.00319	0.00177	0.00579
5	0.20402	0.66886	0.01830	0.00674	0.01008	0.01486	0.00653	0.01239	0.00814	0.01173	0.00578	0.00668	0.00515	0.00362	0.00264	0.00098	0.00417	0.00223	0.00195	0.00515
6	0.00809	0.00753	0.01080	0.00929	0.00959	0.00973	0.05502	0.00895	0.00650	0.00964	0.00808	0.01461	0.00845	0.23923	0.06891	0.00271	0.51239	0.00442	0.00205	0.00400
7	0.04137	0.00574	0.00585	0.00519	0.00673	0.00606	0.00407	0.18772	0.01104	0.01797	0.01248	0.01395	0.00963	0.00484	0.00317	0.00104	0.00256	0.00378	0.65221	0.00460
8	0.00615	0.00576	0.00892	0.00732	0.00927	0.00512	0.18240	0.00789	0.00992	0.01258	0.16375	0.03214	0.51536	0.00863	0.00491	0.00139	0.00316	0.00771	0.00359	0.00404
9	0.00506	0.00361	0.00482	0.00578	0.00602	0.00337	0.00386	0.00578	0.00795	0.01060	0.02289	0.85131	0.02747	0.01301	0.00530	0.00169	0.00241	0.01181	0.00386	0.00337
10	0.00977	0.01110	0.02391	0.01717	0.02115	0.01062	0.77179	0.01314	0.00963	0.01314	0.00825	0.01110	0.00626	0.00369	0.00535	0.00142	0.05006	0.00484	0.00209	0.00555

[dist]
# distance from previous block
# <min> <max>
0	5

[block]
# block no. 2 follows, 64 sequences, length 52
# corresponding to MSA columns:
# 117-168
name=unknown_C
#
# <colnr> <probs for GDERKNQSTAVLIFYWHMCP>
#	G	D	E	R	K	N	Q	S	T	A	V	L	I	F	Y	W	H	M	C	P
0	0.00935	0.00919	0.01271	0.01085	0.01098	0.01273	0.00904	0.04139	0.00688	0.01063	0.00563	0.00912	0.00552	0.00718	0.01326	0.00180	0.81356	0.00364	0.00191	0.00464
1	0.01541	0.01134	0.01216	0.00936	0.01256	0.01254	0.00769	0.78272	0.01900	0.02547	0.01009	0.01064	0.00738	0.03812	0.00482	0.00136	0.00455	0.00383	0.00409	0.00689
2	0.01521	0.01918	0.01146	0.01043	0.01253	0.80482	0.00783	0.01632	0.01165	0.01037	0.00670	0.00780	0.00556	0.00430	0.00371	0.00107	0.00727	0.00272	0.03629	0.00478
3	0.00784	0.00738	0.01246	0.84404	0.02861	0.00923	0.01154	0.01061	0.00831	0.01061	0.00738	0.01107	0.00554	0.00415	0.00415	0.00138	0.00554	0.00369	0.00185	0.00461
4	0.00495	0.00411	0.00434	0.00450	0.00569	0.00349	0.00329	0.00596	0.00924	0.01121	0.05258	0.18100	0.67350	0.01092	0.00498	0.00145	0.00215	0.00927	0.00387	0.00349
5	0.00774	0.00387	0.00387	0.00387	0.00484	0.00387	0.00290	0.00968	0.00871	0.01549	0.01355	0.01549	0.01065	0.00484	0.00290	0.00097	0.00194	0.00387	0.87708	0.00387
6	0.00581	0.00423	0.00547	0.00519	0.00617	0.00389	0.00388	0.00770	0.01156	0.01626	0.77044	0.05125	0.07515	0.00869	0.00491	0.00132	0.00198	0.00767	0.00452	0.00389
7	0.00509	0.00421	0.00445	0.00439	0.00572	0.00358	0.00330	0.00630	0.00989	0.01221	0.18515	0.03834	0.68273	0.01015	0.00491	0.00139	0.00208	0.00854	0.00399	0.00358
8	0.01033	0.00892	0.00939	0.00845	0.01080	0.01033	0.00657	0.02207	0.82061	0.01738	0.01691	0.01550	0.01268	0.00564	0.00423	0.00141	0.00329	0.00470	0.00423	0.00657
9	0.00506	0.00364	0.00480	0.00573	0.00601	0.00338	0.00383	0.00579	0.00801	0.01063	0.02360	0.82146	0.05687	0.01292	0.00529	0.00168	0.00240	0.01170	0.00386	0.00338
10	0.01864	0.00707	0.00964	0.00739	0.01060	0.00611	0.00611	0.02024	0.01189	0.83099	0.01639	0.01414	0.01028	0.00514	0.00418	0.00129	0.00353	0.00418	0.00514	0.00707
11	0.12013	0.07636	0.67216	0.01071	0.01621	0.01006	0.01340	0.01299	0.00853	0.01362	0.00713	0.00837	0.00517	0.00391	0.00368	0.00128	0.00565	0.00291	0.00186	0.00587
12	0.01434	0.00979	0.01077	0.00866	0.01158	0.01068	0.00702	0.42244	0.25125	0.15374	0.01318	0.01248	0.00937	0.00519	0.00413	0.00129	0.00392	0.00409	0.03928	0.00679
13	0.00909	0.00909	0.01272	0.01091	0.01091	0.01272	0.00909	0.01000	0.00636	0.01000	0.00545	0.00909	0.00545	0.00727	0.01363	0.00182	0.84642	0.00364	0.00182	0.00454
14	0.00861	0.00738	0.00861	0.00615	0.00984	0.00554	0.00492	0.01046	0.00861	0.01354	0.00738	0.00861	0.00615	0.00308	0.00308	0.00062	0.00308	0.00246	0.00246	0.87941
15	0.00569	0.00415	0.00502	0.00508	0.00608	0.00370	0.00370	0.00701	0.01000	0.03602	0.32864	0.24593	0.30327	0.01026	0.00499	0.00144	0.00217	0.00896	0.00416	0.00373
16	0.00507	0.00364	0.00480	0.00572	0.00599	0.00339	0.00381	0.00579	0.00796	0.01057	0.02324	0.81450	0.04905	0.02792	0.00557	0.00172	0.00243	0.01162	0.00383	0.00336
17	0.00978	0.01140	0.04142	0.01753	0.03639	0.01047	0.78155	0.01329	0.00978	0.01331	0.00837	0.01114	0.00629	0.00351	0.00487	0.00140	0.00695	0.00484	0.00209	0.00563
18	0.01383	0.04849	0.06070	0.01247	0.13623	0.24349	0.02586	0.33763	0.01400	0.01742	0.00813	0.00910	0.00626	0.00449	0.00425	0.00120	0.03109	0.00334	0.00290	0.01913
19	0.86135	0.00837	0.02689	0.00562	0.00828	0.00933	0.00477	0.01223	0.00711	0.01850	0.00583	0.00680	0.00452	0.00386	0.00261	0.00129	0.00329	0.00227	0.00255	0.00454
20	0.00926	0.00888	0.01473	0.34493	0.48068	0.02188	0.01196	0.01178	0.00900	0.01228	0.00804	0.03350	0.00672	0.00414	0.00416	0.00130	0.00514	0.00390	0.00202	0.00570
21	0.01088	0.00937	0.02122	0.05029	0.10780	0.03589	0.03241	0.05704	0.48420	0.06346	0.02432	0.01404	0.02051	0.00513	0.00417	0.00132	0.00391	0.00436	0.00367	0.04603
22	0.00497	0.00421	0.00430	0.00428	0.00565	0.00353	0.00321	0.00609	0.00962	0.01159	0.09490	0.03937	0.77337	0.01038	0.00491	0.00140	0.00209	0.00868	0.00391	0.00353
23	0.01032	0.01073	0.06527	0.02303	0.65734	0.01004	0.09099	0.04184	0.02453	0.01404	0.00809	0.01037	0.00660	0.00378	0.00418	0.00126	0.00516	0.00380	0.00216	0.00648
24	0.01536	0.01287	0.01220	0.03642	0.01325	0.16307	0.00796	0.63032	0.01758	0.02259	0.00930	0.00964	0.00676	0.00483	0.00406	0.00121	0.00509	0.00355	0.01740	0.00653
25	0.00494	0.00421	0.00425	0.00424	0.00563	0.00352	0.00318	0.00603	0.00955	0.01141	0.06948	0.03966	0.79891	0.01045	0.00491	0.00140	0.00210	0.00872	0.00388	0.00352
26	0.01530	0.07861	0.01278	0.00999	0.01270	0.45308	0.00791	0.32920	0.01457	0.01642	0.00777	0.00840	0.00602	0.00450	0.00383	0.00113	0.00612	0.00306	0.00290	0.00574
27	0.00593	0.00445	0.00668	0.00668	0.00742	0.00519	0.00519	0.00742	0.00668	0.00964	0.01113	0.01632	0.01038	0.03115	0.83756	0.00668	0.01113	0.00445	0.00223	0.00371
28	0.00975	0.01104	0.02390	0.04662	0.04143	0.01044	0.76565	0.01320	0.00974	0.01322	0.00835	0.01118	0.00628	0.00353	0.00486	0.00140	0.00690	0.00483	0.00209	0.00559
29	0.00494	0.00421	0.00425	0.00424	0.00563	0.00352	0.00318	0.00602	0.00954	0.01139	0.06653	0.03970	0.80187	0.01046	0.00491	0.00140	0.00210	0.00873	0.00388	0.00352
30	0.01562	0.01155	0.01237	0.00952	0.01282	0.01280	0.00785	0.78955	0.04451	0.02590	0.01019	0.01014	0.00724	0.00501	0.00416	0.00125	0.00453	0.00377	0.00416	0.00705
31	0.01451	0.12885	0.01176	0.00830	0.01110	0.15916	0.00678	0.03276	0.21354	0.31812	0.01273	0.01195	0.00907	0.00489	0.00407	0.00122	0.02164	0.00371	0.00376	0.02207
32	0.33897	0.01403	0.00938	0.00845	0.01062	0.43994	0.00654	0.01440	0.00967	0.02822	0.01836	0.00795	0.00574	0.00436	0.00380	0.00119	0.04753	0.00269	0.02346	0.00469
33	0.00766	0.00386	0.00390	0.00393	0.00488	0.00386	0.00293	0.00956	0.00869	0.01533	0.01385	0.04193	0.01118	0.00510	0.00298	0.00099	0.00195	0.00412	0.84945	0.00386
34	0.01578	0.01189	0.01244	0.00959	0.01288	0.03897	0.00790	0.78902	0.01928	0.02567	0.00986	0.00989	0.00701	0.00496	0.00414	0.00124	0.00466	0.00371	0.00409	0.00699
35	0.00784	0.00738	0.01246	0.84404	0.02861	0.00923	0.01154	0.01061	0.00831	0.01061	0.00738	0.01107	0.00554	0.00415	0.00415	0.00138	0.00554	0.00369	0.00185	0.00461
36	0.00506	0.00361	0.00482	0.00578	0.00602	0.00337	0.00386	0.00578	0.00795	0.01060	0.02289	0.85131	0.02747	0.01301	0.00530	0.00169	0.00241	0.01181	0.00386	0.00337
37	0.01103	0.01329	0.06166	0.01649	0.13207	0.18866	0.44788	0.01410	0.03218	0.01270	0.00802	0.01022	0.00624	0.00386	0.00465	0.00131	0.02379	0.00413	0.00214	0.00560
38	0.01552	0.01980	0.01177	0.01070	0.01284	0.83735	0.00803	0.01659	0.01177	0.01017	0.00642	0.00749	0.00535	0.00428	0.00375	0.00107	0.00749	0.00268	0.00214	0.00482
39	0.01022	0.00985	0.01695	0.04200	0.79237	0.00987	0.03201	0.01272	0.00944	0.01350	0.00782	0.01032	0.00655	0.00371	0.00413	0.00124	0.00500	0.00373	0.00205	0.00652
40	0.00588	0.00425	0.00555	0.00523	0.00621	0.00392	0.00392	0.00784	0.01176	0.01666	0.82592	0.03103	0.03919	0.00849	0.00490	0.00131	0.00196	0.00751	0.00457	0.00392
41	0.01558	0.01153	0.01235	0.00951	0.01280	0.01278	0.00784	0.78317	0.05097	0.02583	0.01024	0.01019	0.00728	0.00501	0.00416	0.00125	0.00452	0.00378	0.00416	0.00704
42	0.88336	0.00803	0.00611	0.00546	0.00803	0.00932	0.00450	0.01221	0.00707	0.01864	0.00578	0.00675	0.00450	0.00386	0.00257	0.00129	0.00321	0.00225	0.00257	0.00450
43	0.01028	0.00987	0.01686	0.02550	0.82811	0.00987	0.01275	0.01275	0.00946	0.01357	0.00781	0.01028	0.00658	0.00370	0.00411	0.00123	0.00493	0.00370	0.00206	0.00658
44	0.01307	0.00951	0.01025	0.00816	0.01055	0.01041	0.00640	0.58889	0.01577	0.02112	0.01084	0.01477	0.00931	0.24173	0.00889	0.00202	0.00442	0.00438	0.00370	0.00580
45	0.01028	0.00987	0.01686	0.02550	0.82811	0.00987	0.01275	0.01275	0.00946	0.01357	0.00781	0.01028	0.00658	0.00370	0.00411	0.00123	0.00493	0.00370	0.00206	0.00658
46	0.00784	0.00738	0.01246	0.84404	0.02861	0.00923	0.01154	0.01061	0.00831	0.01061	0.00738	0.01107	0.00554	0.00415	0.00415	0.00138	0.00554	0.00369	0.00185	0.00461
47	0.88336	0.00803	0.00611	0.00546	0.00803	0.00932	0.00450	0.01221	0.00707	0.01864	0.00578	0.00675	0.00450	0.00386	0.00257	0.00129	0.00321	0.00225	0.00257	0.00450
48	0.41141	0.00751	0.00803	0.00651	0.00944	0.00756	0.00538	0.01659	0.00970	0.46200	0.01157	0.01078	0.00766	0.00456	0.00345	0.00129	0.00339	0.00330	0.00397	0.00590
49	0.00980	0.01120	0.02451	0.01751	0.02171	0.01050	0.81303	0.01331	0.00980	0.01331	0.00840	0.01120	0.00630	0.00350	0.00490	0.00140	0.00700	0.00490	0.00210	0.00560
50	0.00604	0.00403	0.00453	0.00453	0.00453	0.00403	0.00252	0.00604	0.00604	0.00805	0.01309	0.02718	0.01510	0.85402	0.02114	0.00403	0.00403	0.00604	0.00252	0.00252
51	0.00511	0.00365	0.00486	0.00575	0.00604	0.00341	0.00386	0.00590	0.00818	0.01096	0.07029	0.80290	0.02816	0.01275	0.00528	0.00166	0.00238	0.01155	0.00390	0.00341

[dist]
# distance from previous block
# <min> <max>
0	1

[block]
# block no. 3 follows, 64 sequences, length 86
# corresponding to MSA columns:
# 170-255
name=unknown_D
#
# <colnr> <probs for GDERKNQSTAVLIFYWHMCP>
#	G	D	E	R	K	N	Q	S	T	A	V	L	I	F	Y	W	H	M	C	P
0	0.01033	0.00892	0.00939	0.00845	0.01080	0.01033	0.00657	0.02207	0.82061	0.01738	0.01691	0.01550	0.01268	0.00564	0.00423	0.00141	0.00329	0.00470	0.00423	0.00657
1	0.00921	0.19893	0.63668	0.01071	0.01621	0.01099	0.01333	0.01320	0.00879	0.03544	0.00735	0.00847	0.00542	0.00390	0.00368	0.00122	0.00570	0.00292	0.00185	0.00599
2	0.00542	0.00378	0.00476	0.00536	0.00553	0.00364	0.00341	0.00591	0.00725	0.00969	0.01921	0.54475	0.02278	0.30894	0.02774	0.00261	0.00315	0.00963	0.00335	0.00308
3	0.01864	0.00707	0.00964	0.00739	0.01060	0.00611	0.00611	0.02024	0.01189	0.83099	0.01639	0.01414	0.01028	0.00514	0.00418	0.00129	0.00353	0.00418	0.00514	0.00707
4	0.00861	0.00738	0.00861	0.00615	0.00984	0.00554	0.00492	0.01046	0.00861	0.01354	0.00738	0.00861	0.00615	0.00308	0.00308	0.00062	0.00308	0.00246	0.00246	0.87941
5	0.00506	0.00361	0.00482	0.00578	0.00602	0.00337	0.00386	0.00578	0.00795	0.01060	0.02289	0.85131	0.02747	0.01301	0.00530	0.00169	0.00241	0.01181	0.00386	0.00337
6	0.00774	0.00387	0.00387	0.00387	0.00484	0.00387	0.00290	0.00968	0.00871	0.01549	0.01355	0.01549	0.01065	0.00484	0.00290	0.00097	0.00194	0.00387	0.87708	0.00387
7	0.00848	0.00803	0.01360	0.63153	0.23618	0.00939	0.01185	0.01117	0.00860	0.01138	0.00749	0.01087	0.00581	0.00404	0.00414	0.00135	0.00538	0.00369	0.00190	0.00512
8	0.00491	0.00421	0.00421	0.00421	0.00561	0.00351	0.00316	0.00596	0.00947	0.01122	0.04208	0.03997	0.82643	0.01052	0.00491	0.00140	0.00210	0.00877	0.00386	0.00351
9	0.00990	0.00792	0.00948	0.00898	0.05045	0.00886	0.01852	0.14519	0.35792	0.02957	0.01429	0.04747	0.01195	0.02785	0.19181	0.00264	0.00540	0.04254	0.00358	0.00568
10	0.00878	0.00511	0.00496	0.00464	0.00588	0.02858	0.00355	0.09089	0.00989	0.01641	0.01299	0.01470	0.01013	0.00484	0.00305	0.00100	0.00236	0.00382	0.76421	0.00422
11	0.01354	0.01051	0.01120	0.00910	0.01202	0.01183	0.00735	0.48707	0.35040	0.02254	0.01284	0.01225	0.00938	0.00525	0.00418	0.00131	0.00404	0.00413	0.00418	0.00686
12	0.01117	0.81873	0.03694	0.00729	0.01086	0.03778	0.00729	0.01256	0.00853	0.00985	0.00582	0.00672	0.00533	0.00358	0.00272	0.00090	0.00455	0.00225	0.00179	0.00533
13	0.60266	0.06720	0.19218	0.00716	0.01058	0.03621	0.00721	0.01258	0.00769	0.01656	0.00618	0.00722	0.00475	0.00387	0.00292	0.00126	0.00408	0.00244	0.00232	0.00493
14	0.00894	0.05436	0.48374	0.01068	0.02938	0.02195	0.03998	0.03912	0.14878	0.01423	0.05822	0.01295	0.03675	0.00485	0.00409	0.00132	0.00513	0.01706	0.00255	0.00592
15	0.00843	0.02086	0.78496	0.01231	0.03254	0.00969	0.04791	0.01315	0.00882	0.01317	0.00750	0.00890	0.00533	0.00392	0.00399	0.00132	0.00615	0.00316	0.00177	0.00612
16	0.00594	0.00442	0.00653	0.00653	0.00722	0.00511	0.00501	0.00732	0.00663	0.00953	0.01126	0.01707	0.01071	0.08819	0.78097	0.00649	0.01063	0.00456	0.00225	0.00363
17	0.01033	0.00892	0.00939	0.00845	0.01080	0.01033	0.00657	0.02207	0.82061	0.01738	0.01691	0.01550	0.01268	0.00564	0.00423	0.00141	0.00329	0.00470	0.00423	0.00657
18	0.00507	0.00421	0.00443	0.00438	0.00571	0.00358	0.00328	0.00628	0.00985	0.01214	0.17435	0.03846	0.69358	0.01018	0.00491	0.00139	0.00208	0.00855	0.00398	0.00358
19	0.00872	0.00646	0.00804	0.00720	0.00849	0.00729	0.00557	0.22677	0.01005	0.01387	0.01100	0.01630	0.01017	0.16834	0.44379	0.00460	0.03159	0.00451	0.00279	0.00444
20	0.01579	0.01163	0.01247	0.00956	0.01288	0.01288	0.00789	0.81426	0.01953	0.02618	0.00997	0.00997	0.00706	0.00499	0.00416	0.00125	0.00457	0.00374	0.00416	0.00706
21	0.00774	0.00387	0.00387	0.00387	0.00484	0.00387	0.00290	0.00968	0.00871	0.01549	0.01355	0.01549	0.01065	0.00484	0.00290	0.00097	0.00194	0.00387	0.87708	0.00387
22	0.00523	0.00422	0.00465	0.00454	0.00581	0.00364	0.00341	0.00658	0.01022	0.01301	0.30008	0.03703	0.56731	0.00985	0.00491	0.00137	0.00206	0.00835	0.00409	0.00364
23	0.00784	0.00738	0.01246	0.84404	0.02861	0.00923	0.01154	0.01061	0.00831	0.01061	0.00738	0.01107	0.00554	0.00415	0.00415	0.00138	0.00554	0.00369	0.00185	0.00461
24	0.88336	0.00803	0.00611	0.00546	0.00803	0.00932	0.00450	0.01221	0.00707	0.01864	0.00578	0.00675	0.00450	0.00386	0.00257	0.00129	0.00321	0.00225	0.00257	0.00450
25	0.00798	0.00752	0.01271	0.79735	0.07421	0.00927	0.01160	0.01073	0.00837	0.01078	0.00741	0.01103	0.00560	0.00413	0.00415	0.00138	0.00550	0.00369	0.00186	0.00473
26	0.00506	0.00361	0.00482	0.00578	0.00602	0.00337	0.00386	0.00578	0.00795	0.01060	0.02289	0.85131	0.02747	0.01301	0.00530	0.00169	0.00241	0.01181	0.00386	0.00337
27	0.00559	0.00407	0.00537	0.00620	0.00682	0.00386	0.00470	0.00676	0.00872	0.01139	0.04099	0.48462	0.11436	0.01215	0.00539	0.00172	0.00283	0.26704	0.00386	0.00355
28	0.00833	0.02149	0.83250	0.01184	0.01798	0.00965	0.01535	0.01315	0.00877	0.01315	0.00745	0.00877	0.00526	0.00395	0.00395	0.00132	0.00614	0.00307	0.00175	0.00614
29	0.00588	0.00425	0.00555	0.00523	0.00621	0.00392	0.00392	0.00784	0.01176	0.01666	0.82592	0.03103	0.03919	0.00849	0.00490	0.00131	0.00196	0.00751	0.00457	0.00392
30	0.01552	0.01980	0.01177	0.01070	0.01284	0.83735	0.00803	0.01659	0.01177	0.01017	0.00642	0.00749	0.00535	0.00428	0.00375	0.00107	0.00749	0.00268	0.00214	0.00482
31	0.00862	0.02107	0.80904	0.01171	0.01777	0.00955	0.01508	0.01336	0.00886	0.03647	0.00771	0.00892	0.00540	0.00398	0.00395	0.00131	0.00606	0.00310	0.00185	0.00617
32	0.03098	0.18810	0.01354	0.02105	0.01233	0.57453	0.00768	0.04212	0.01122	0.03717	0.02165	0.00808	0.00616	0.00425	0.00356	0.00106	0.00644	0.00276	0.00228	0.00504
33	0.00491	0.00419	0.00423	0.00425	0.00562	0.00350	0.00318	0.00596	0.00943	0.01120	0.04154	0.06280	0.80395	0.01059	0.00492	0.00141	0.00211	0.00885	0.00386	0.00350
34	0.00506	0.00361	0.00482	0.00578	0.00602	0.00337	0.00386	0.00578	0.00795	0.01060	0.02289	0.85131	0.02747	0.01301	0.00530	0.00169	0.00241	0.01181	0.00386	0.00337
35	0.01005	0.05212	0.22513	0.01313	0.12411	0.06344	0.08097	0.05541	0.06802	0.01306	0.00774	0.00964	0.00625	0.00490	0.00650	0.00139	0.22384	0.00354	0.00219	0.02857
36	0.01083	0.03003	0.05785	0.18094	0.20909	0.19666	0.04038	0.01480	0.15698	0.01264	0.00892	0.01058	0.00705	0.00443	0.00446	0.00129	0.04145	0.00363	0.00240	0.00561
37	0.00865	0.00742	0.00863	0.00620	0.00986	0.00564	0.00496	0.01071	0.02623	0.01362	0.00759	0.00876	0.00629	0.00313	0.00310	0.00063	0.00308	0.00251	0.00250	0.86047
38	0.05434	0.10248	0.06523	0.00917	0.01239	0.16283	0.00790	0.37073	0.04536	0.11575	0.00955	0.00965	0.00693	0.00463	0.00384	0.00119	0.00496	0.00336	0.00343	0.00627
39	0.00502	0.00379	0.00464	0.00533	0.00590	0.00341	0.00365	0.00584	0.00839	0.01078	0.02846	0.61612	0.25907	0.01229	0.00519	0.00160	0.00232	0.01093	0.00386	0.00341
40	0.00506	0.00361	0.00482	0.00578	0.00602	0.00337	0.00386	0.00578	0.00795	0.01060	0.02289	0.85131	0.02747	0.01301	0.00530	0.00169	0.00241	0.01181	0.00386	0.00337
41	0.00784	0.00792	0.01576	0.01289	0.05174	0.00746	0.42910	0.01014	0.00904	0.01221	0.01457	0.34673	0.01530	0.00755	0.00505	0.00152	0.00498	0.03263	0.00285	0.00470
42	0.02515	0.03566	0.71870	0.01253	0.05058	0.00983	0.06437	0.01312	0.00882	0.01322	0.00746	0.00890	0.00537	0.00390	0.00396	0.00131	0.00606	0.00318	0.00180	0.00608
43	0.01028	0.00987	0.01686	0.02550	0.82811	0.00987	0.01275	0.01275	0.00946	0.01357	0.00781	0.01028	0.00658	0.00370	0.00411	0.00123	0.00493	0.00370	0.00206	0.00658
44	0.00861	0.00738	0.00861	0.00615	0.00984	0.00554	0.00492	0.01046	0.00861	0.01354	0.00738	0.00861	0.00615	0.00308	0.00308	0.00062	0.00308	0.00246	0.00246	0.87941
45	0.01493	0.01074	0.01160	0.00902	0.01203	0.01180	0.00733	0.69421	0.03907	0.05550	0.01067	0.01174	0.00802	0.07710	0.00560	0.00149	0.00445	0.00398	0.00406	0.00667
46	0.03344	0.00885	0.00931	0.00834	0.01072	0.01018	0.00651	0.02176	0.77620	0.04064	0.01660	0.01523	0.01240	0.00557	0.00418	0.00140	0.00329	0.00462	0.00421	0.00653
47	0.00871	0.12200	0.71816	0.01154	0.03350	0.01047	0.01430	0.01306	0.00874	0.01275	0.00726	0.00855	0.00530	0.00389	0.00380	0.00126	0.00591	0.00298	0.00176	0.00605
48	0.88336	0.00803	0.00611	0.00546	0.00803	0.00932	0.00450	0.01221	0.00707	0.01864	0.00578	0.00675	0.00450	0.00386	0.00257	0.00129	0.00321	0.00225	0.00257	0.00450
49	0.00593	0.00445	0.00668	0.00668	0.00742	0.00519	0.00519	0.00742	0.00668	0.00964	0.01113	0.01632	0.01038	0.03115	0.83756	0.00668	0.01113	0.00445	0.00223	0.00371
50	0.00491	0.00421	0.00421	0.00421	0.00561	0.00351	0.00316	0.00596	0.00947	0.01122	0.04208	0.03997	0.82643	0.01052	0.00491	0.00140	0.00210	0.00877	0.00386	0.00351
51	0.01864	0.00707	0.00964	0.00739	0.01060	0.00611	0.00611	0.02024	0.01189	0.83099	0.01639	0.01414	0.01028	0.00514	0.00418	0.00129	0.00353	0.00418	0.00514	0.00707
52	0.00585	0.00424	0.00551	0.00520	0.00619	0.00391	0.00390	0.00778	0.01169	0.01650	0.80357	0.03128	0.06164	0.00855	0.00490	0.00131	0.00196	0.00755	0.00455	0.00391
53	0.00545	0.00421	0.00497	0.00482	0.00595	0.00373	0.00360	0.00699	0.01069	0.01421	0.47499	0.05819	0.36828	0.00947	0.00491	0.00136	0.00203	0.00816	0.00425	0.00373
54	0.00506	0.00361	0.00482	0.00578	0.00602	0.00337	0.00386	0.00578	0.00795	0.01060	0.02289	0.85131	0.02747	0.01301	0.00530	0.00169	0.00241	0.01181	0.00386	0.00337
55	0.00861	0.00738	0.00861	0.00615	0.00984	0.00554	0.00492	0.01046	0.00861	0.01354	0.00738	0.00861	0.00615	0.00308	0.00308	0.00062	0.00308	0.00246	0.00246	0.87941
56	0.01028	0.00987	0.01686	0.02550	0.82811	0.00987	0.01275	0.01275	0.00946	0.01357	0.00781	0.01028	0.00658	0.00370	0.00411	0.00123	0.00493	0.00370	0.00206	0.00658
57	0.00594	0.00400	0.00455	0.00463	0.00468	0.00396	0.00264	0.00602	0.00627	0.00833	0.01446	0.09647	0.03153	0.76756	0.01951	0.00378	0.00386	0.00658	0.00265	0.00261
58	0.03128	0.03713	0.79535	0.01158	0.01758	0.00977	0.01491	0.01312	0.00872	0.01323	0.00738	0.00868	0.00524	0.00394	0.00389	0.00131	0.00603	0.00303	0.00178	0.00608
59	0.00833	0.02149	0.83250	0.01184	0.01798	0.00965	0.01535	0.01315	0.00877	0.01315	0.00745	0.00877	0.00526	0.00395	0.00395	0.00132	0.00614	0.00307	0.00175	0.00614
60	0.01579	0.01163	0.01247	0.00956	0.01288	0.01288	0.00789	0.81426	0.01953	0.02618	0.00997	0.00997	0.00706	0.00499	0.00416	0.00125	0.00457	0.00374	0.00416	0.00706
61	0.01028	0.00987	0.01686	0.02550	0.82811	0.00987	0.01275	0.01275	0.00946	0.01357	0.00781	0.01028	0.00658	0.00370	0.00411	0.00123	0.00493	0.00370	0.00206	0.00658
62	0.01395	0.01067	0.01171	0.02564	0.04344	0.01182	0.00770	0.58798	0.16535	0.02314	0.01251	0.01233	0.04383	0.00528	0.00420	0.00129	0.00426	0.00413	0.00403	0.00675
63	0.00523	0.00422	0.00465	0.00455	0.00581	0.00364	0.00341	0.00658	0.01023	0.01303	0.30224	0.03701	0.56514	0.00985	0.00491	0.00137	0.00206	0.00835	0.00409	0.00364
64	0.01033	0.00892	0.00939	0.00845	0.01080	0.01033	0.00657	0.02207	0.82061	0.01738	0.01691	0.01550	0.01268	0.00564	0.00423	0.00141	0.00329	0.00470	0.00423	0.00657
65	0.00930	0.05327	0.55668	0.01315	0.04743	0.06790	0.16801	0.01338	0.00919	0.01285	0.00751	0.00912	0.00552	0.00386	0.00407	0.00129	0.00629	0.00338	0.00186	0.00593
66	0.61321	0.03288	0.00803	0.00685	0.00937	0.19142	0.00549	0.02638	0.03167	0.03350	0.00653	0.00736	0.00510	0.00404	0.00294	0.00123	0.00422	0.00248	0.00258	0.00474
67	0.00506	0.00361	0.00482	0.00578	0.00602	0.00337	0.00386	0.00578	0.00795	0.01060	0.02289	0.85131	0.02747	0.01301	0.00530	0.00169	0.00241	0.01181	0.00386	0.00337
68	0.00505	0.00364	0.00479	0.00572	0.00601	0.00338	0.00383	0.00579	0.00802	0.01063	0.02370	0.81726	0.06100	0.01291	0.00529	0.00167	0.00240	0.01168	0.00386	0.00338
69	0.01181	0.00995	0.01029	0.02408	0.01171	0.04042	0.00704	0.21572	0.58069	0.01915	0.01466	0.01378	0.01091	0.00540	0.00419	0.00136	0.00379	0.00437	0.00409	0.00660
70	0.00871	0.00903	0.01754	0.46038	0.02503	0.00966	0.35733	0.01177	0.00896	0.01187	0.00782	0.01105	0.00589	0.00384	0.00444	0.00137	0.00609	0.00417	0.00198	0.03306
71	0.00989	0.04561	0.33632	0.03332	0.35844	0.00987	0.04314	0.01365	0.04500	0.05328	0.00843	0.01002	0.00644	0.00395	0.00403	0.00127	0.00534	0.00351	0.00217	0.00631
72	0.00897	0.03600	0.47681	0.02820	0.01949	0.01014	0.33435	0.01316	0.00917	0.01310	0.00779	0.00974	0.00568	0.00376	0.00430	0.00134	0.00644	0.00379	0.00189	0.00588
73	0.00596	0.00435	0.00617	0.00617	0.00674	0.00492	0.00456	0.00709	0.00653	0.00927	0.01159	0.01888	0.01150	0.22500	0.64523	0.00605	0.00945	0.00482	0.00229	0.00343
74	0.00853	0.04255	0.75064	0.01240	0.04448	0.00987	0.04852	0.01313	0.00883	0.01309	0.00746	0.00887	0.00535	0.00391	0.00396	0.00131	0.00609	0.00314	0.00178	0.00611
75	0.03472	0.09906	0.49172	0.01190	0.08508	0.04946	0.02425	0.08694	0.01002	0.04238	0.00840	0.00947	0.02033	0.00415	0.00385	0.00125	0.00556	0.00323	0.00220	0.00605
76	0.00556	0.00419	0.00512	0.00497	0.00601	0.00377	0.00368	0.00716	0.01081	0.01465	0.54640	0.08407	0.25855	0.02031	0.00514	0.00139	0.00205	0.00811	0.00430	0.00375
77	0.00566	0.00415	0.00535	0.00555	0.00633	0.00388	0.00406	0.00733	0.02694	0.01394	0.42951	0.31996	0.08699	0.01032	0.00507	0.00148	0.00226	0.05323	0.00422	0.00375
78	0.01159	0.00811	0.01973	0.00784	0.01012	0.00831	0.02172	0.35158	0.04294	0.10547	0.21398	0.13589	0.01863	0.00708	0.00454	0.00135	0.00352	0.01768	0.00425	0.00566
79	0.02999	0.00998	0.03073	0.04412	0.73696	0.00998	0.01238	0.02808	0.00947	0.01375	0.00773	0.01015	0.00646	0.00385	0.00434	0.00126	0.02859	0.00366	0.00209	0.00643
80	0.00784	0.00731	0.01228	0.82702	0.02813	0.00912	0.01136	0.01059	0.00831	0.01071	0.00751	0.01116	0.00564	0.00417	0.00413	0.00138	0.00546	0.00370	0.01957	0.00460
81	0.02675	0.04291	0.00982	0.03990	0.02224	0.08530	0.03198	0.12393	0.17373	0.09193	0.04127	0.07502	0.10599	0.04830	0.00521	0.00144	0.01882	0.00517	0.02640	0.02386
82	0.01300	0.03321	0.01202	0.05240	0.03901	0.32038	0.07901	0.09369	0.04590	0.11904	0.07074	0.04562	0.03737	0.00525	0.00415	0.00122	0.00538	0.00425	0.00309	0.01525
83	0.02455	0.00845	0.01125	0.00921	0.03299	0.01855	0.09189	0.18749	0.08894	0.29403	0.05699	0.06451	0.01197	0.00566	0.00432	0.00131	0.00400	0.02742	0.01800	0.03849
84	0.01075	0.03245	0.09161	0.03744	0.06035	0.00965	0.13841	0.09155	0.26015	0.07794	0.01242	0.02860	0.02668	0.00486	0.00435	0.00129	0.01985	0.00430	0.00323	0.08411
85	0.03713	0.00967	0.04230	0.00901	0.01203	0.02398	0.07786	0.23441	0.17492	0.12356	0.06004	0.03462	0.01066	0.00515	0.00430	0.00125	0.02013	0.00428	0.00371	0.11098

[dist]
# distance from previous block
# <min> <max>
0	162

# created by:
# /st0/software/busco_prod/Augustus/scripts/msa2prfl.pl ./align_prep/403632.fa
