[name]
unknown

[dist]
# distance from previous block
# <min> <max>
0	45

[block]
# block no. 0 follows, 53 sequences, length 6
# corresponding to MSA columns:
# 63-68
name=unknown_A
#
# <colnr> <probs for GDERKNQSTAVLIFYWHMCP>
#	G	D	E	R	K	N	Q	S	T	A	V	L	I	F	Y	W	H	M	C	P
0	0.04032	0.00980	0.01395	0.34592	0.18897	0.03465	0.01138	0.06689	0.08253	0.01558	0.01117	0.01602	0.00933	0.00553	0.00478	0.00153	0.00553	0.07066	0.00289	0.06259
1	0.01152	0.00886	0.01242	0.29460	0.12311	0.03256	0.00988	0.04081	0.11572	0.12041	0.01512	0.08096	0.05465	0.00697	0.00566	0.04673	0.00503	0.00551	0.00344	0.00604
2	0.04435	0.00612	0.00724	0.00670	0.00807	0.00615	0.00492	0.06705	0.07428	0.08762	0.10105	0.09715	0.10612	0.08839	0.01001	0.20240	0.00355	0.00657	0.06771	0.00455
3	0.00924	0.00549	0.00700	0.00693	0.00802	0.00521	0.00492	0.05734	0.01094	0.13490	0.12332	0.44593	0.02702	0.12064	0.00818	0.00214	0.00330	0.01016	0.00459	0.00474
4	0.06188	0.00819	0.01298	0.23904	0.28688	0.00884	0.01034	0.01159	0.00943	0.01368	0.05677	0.01410	0.00970	0.00757	0.00778	0.19450	0.00508	0.00440	0.03198	0.00527
5	0.00976	0.00585	0.00807	0.10606	0.01147	0.00574	0.00626	0.01172	0.03590	0.17463	0.10863	0.38836	0.05414	0.01086	0.00559	0.00174	0.00351	0.04200	0.00456	0.00514

[dist]
# distance from previous block
# <min> <max>
0	1

[block]
# block no. 1 follows, 53 sequences, length 16
# corresponding to MSA columns:
# 70-85
name=unknown_B
#
# <colnr> <probs for GDERKNQSTAVLIFYWHMCP>
#	G	D	E	R	K	N	Q	S	T	A	V	L	I	F	Y	W	H	M	C	P
0	0.05281	0.00616	0.00763	0.00687	0.00864	0.00579	0.00513	0.01348	0.04661	0.25405	0.19640	0.16164	0.06694	0.13633	0.00819	0.00206	0.00341	0.00770	0.00478	0.00539
1	0.00765	0.00487	0.00648	0.00662	0.00759	0.00449	0.00482	0.00925	0.01155	0.08324	0.36720	0.37797	0.03571	0.01183	0.00581	0.00172	0.00272	0.04101	0.00493	0.00454
2	0.06966	0.00527	0.00628	0.00636	0.00728	0.00511	0.00436	0.00957	0.02254	0.10081	0.06176	0.36297	0.05857	0.24479	0.01084	0.00258	0.00349	0.00938	0.00411	0.00427
3	0.06563	0.00601	0.00756	0.00701	0.00874	0.00565	0.00530	0.03284	0.01175	0.23650	0.20153	0.30813	0.02606	0.00991	0.00527	0.00163	0.00311	0.00864	0.04329	0.00543
4	0.28039	0.00885	0.00955	0.00790	0.01102	0.00917	0.00642	0.07260	0.12096	0.33176	0.05759	0.01464	0.01174	0.00573	0.00424	0.00149	0.00384	0.00437	0.03092	0.00683
5	0.01099	0.00575	0.00745	0.00657	0.00836	0.00518	0.00502	0.01283	0.01259	0.24535	0.39863	0.07142	0.08355	0.06263	0.00655	0.00172	0.00297	0.00761	0.03944	0.00539
6	0.01286	0.00719	0.00881	0.00774	0.00993	0.00700	0.00596	0.08866	0.10566	0.26906	0.11422	0.20570	0.08082	0.04605	0.00614	0.00175	0.00354	0.00778	0.00502	0.00612
7	0.09341	0.00700	0.00872	0.00726	0.00972	0.00655	0.00574	0.04181	0.01301	0.36667	0.30794	0.02344	0.02380	0.05620	0.00610	0.00167	0.00343	0.00614	0.00518	0.00620
8	0.00675	0.00459	0.00609	0.00657	0.00728	0.00425	0.00465	0.00814	0.01084	0.04255	0.28686	0.50919	0.03534	0.01285	0.00591	0.00179	0.00269	0.03464	0.00477	0.00426
9	0.01062	0.00634	0.00792	0.00745	0.00907	0.00618	0.00559	0.06350	0.08389	0.17485	0.16457	0.31331	0.04275	0.04738	0.00638	0.00183	0.00333	0.03475	0.00488	0.00545
10	0.02637	0.00579	0.00708	0.00652	0.00818	0.00546	0.00496	0.01207	0.07423	0.13486	0.39562	0.10577	0.14704	0.00952	0.00537	0.00155	0.00275	0.00823	0.03345	0.00517
11	0.00962	0.00902	0.01790	0.01389	0.01677	0.00845	0.41686	0.01214	0.01054	0.04958	0.04145	0.27037	0.01704	0.00864	0.00640	0.04293	0.00573	0.03395	0.00335	0.00538
12	0.05739	0.00562	0.00707	0.00709	0.00827	0.00567	0.00529	0.03514	0.03040	0.07928	0.12583	0.30958	0.05192	0.05696	0.14027	0.00289	0.00482	0.05763	0.00422	0.00467
13	0.04721	0.00480	0.00583	0.00627	0.00714	0.00448	0.00439	0.00808	0.01002	0.04925	0.12019	0.48706	0.16193	0.05214	0.00664	0.00192	0.00284	0.01117	0.00446	0.00419
14	0.00924	0.00819	0.01445	0.51717	0.04351	0.00941	0.11288	0.01145	0.00916	0.01203	0.00877	0.01320	0.00702	0.00705	0.00765	0.17378	0.00605	0.00442	0.01974	0.00485
15	0.05089	0.00822	0.01135	0.01035	0.03131	0.03509	0.06840	0.02211	0.00908	0.05085	0.01432	0.19684	0.03243	0.03926	0.15601	0.00297	0.23198	0.00670	0.00310	0.01875

[dist]
# distance from previous block
# <min> <max>
3	11

[block]
# block no. 2 follows, 53 sequences, length 188
# corresponding to MSA columns:
# 102-105,114-187,194-303
name=unknown_C
#
# <colnr> <probs for GDERKNQSTAVLIFYWHMCP>
#	G	D	E	R	K	N	Q	S	T	A	V	L	I	F	Y	W	H	M	C	P
0	0.00705	0.00677	0.07677	0.00671	0.00842	0.00525	0.00568	0.00980	0.03570	0.01816	0.62740	0.05204	0.10293	0.00953	0.00553	0.00153	0.00275	0.00833	0.00488	0.00477
1	0.00697	0.00466	0.00528	0.00531	0.00534	0.00466	0.00302	0.00703	0.00706	0.00940	0.01533	0.03188	0.01764	0.81042	0.02386	0.00457	0.00463	0.02709	0.00294	0.00294
2	0.01440	0.03602	0.01805	0.01403	0.01750	0.27478	0.25786	0.10783	0.17832	0.01673	0.01112	0.01224	0.00852	0.00504	0.00488	0.00145	0.00694	0.00452	0.00321	0.00657
3	0.03352	0.01048	0.01593	0.20033	0.34806	0.02638	0.01225	0.02796	0.00996	0.01436	0.00823	0.01141	0.00691	0.00521	0.00685	0.00153	0.17434	0.00405	0.00236	0.07987
4	0.01066	0.08997	0.67163	0.01275	0.01924	0.01151	0.01594	0.01585	0.03096	0.06482	0.00935	0.01049	0.00665	0.00464	0.00444	0.00147	0.00663	0.00358	0.00234	0.00707
5	0.01119	0.43275	0.41332	0.01088	0.01645	0.01503	0.01288	0.01472	0.00990	0.01318	0.00760	0.00887	0.00609	0.00431	0.00380	0.00127	0.00608	0.00304	0.00203	0.00660
6	0.00602	0.00482	0.00538	0.00532	0.00670	0.00418	0.00396	0.00756	0.01167	0.01492	0.29333	0.08229	0.51402	0.01149	0.00567	0.00159	0.00238	0.00979	0.00471	0.00418
7	0.02126	0.00843	0.01128	0.00865	0.01235	0.00747	0.00714	0.06668	0.01418	0.76143	0.01844	0.01600	0.01162	0.00591	0.00481	0.00148	0.00413	0.00478	0.00585	0.00813
8	0.03399	0.01177	0.04117	0.07571	0.33296	0.02499	0.30429	0.01471	0.01103	0.03840	0.02386	0.01419	0.02668	0.00472	0.00509	0.00153	0.00645	0.01915	0.00262	0.00671
9	0.00582	0.00417	0.00553	0.00662	0.00692	0.00389	0.00442	0.00666	0.00919	0.01222	0.02679	0.81317	0.04706	0.01492	0.00609	0.00193	0.00277	0.01352	0.00444	0.00389
10	0.04188	0.00805	0.01083	0.00836	0.01195	0.00703	0.00689	0.02258	0.01354	0.75917	0.04527	0.01672	0.01280	0.00601	0.00479	0.00148	0.00400	0.00488	0.00582	0.00794
11	0.01060	0.01011	0.01719	0.37512	0.46600	0.01103	0.01406	0.01359	0.01030	0.01413	0.00877	0.01223	0.00705	0.00449	0.00475	0.00150	0.00598	0.00425	0.00226	0.00658
12	0.01113	0.01292	0.04940	0.03285	0.03717	0.01225	0.66829	0.01491	0.01086	0.01492	0.00931	0.01258	0.00712	0.00444	0.00646	0.00165	0.07962	0.00540	0.00237	0.00636
13	0.00751	0.00615	0.00863	0.00836	0.00915	0.02557	0.00657	0.00913	0.00777	0.01116	0.01191	0.01757	0.01115	0.03192	0.70107	0.00688	0.10763	0.00496	0.00250	0.00441
14	0.02125	0.00845	0.01129	0.00865	0.01236	0.00749	0.00715	0.06880	0.01420	0.75927	0.01842	0.01598	0.01161	0.00591	0.00481	0.00148	0.00414	0.00478	0.00585	0.00813
15	0.86579	0.00924	0.00702	0.00629	0.00924	0.01072	0.00518	0.01405	0.00813	0.02144	0.00666	0.00776	0.00518	0.00444	0.00296	0.00148	0.00370	0.00259	0.00296	0.00518
16	0.00840	0.00828	0.01624	0.01302	0.01545	0.00776	0.37293	0.01074	0.01016	0.01367	0.01847	0.44360	0.02011	0.00981	0.00588	0.00179	0.00527	0.00984	0.00348	0.00509
17	0.01292	0.81245	0.02473	0.00829	0.01234	0.04086	0.00821	0.01444	0.00982	0.01126	0.00667	0.00769	0.00613	0.00411	0.00310	0.00103	0.00521	0.00257	0.00206	0.00612
18	0.01049	0.01036	0.01462	0.01242	0.01271	0.01416	0.02654	0.02468	0.00773	0.01197	0.00667	0.01076	0.00651	0.00893	0.03833	0.00220	0.75116	0.00421	0.00217	0.02337
19	0.00985	0.09278	0.74155	0.01317	0.01998	0.01176	0.01686	0.01507	0.01006	0.01481	0.00842	0.00989	0.00606	0.00450	0.00442	0.00147	0.00690	0.00345	0.00202	0.00699
20	0.00892	0.00905	0.01797	0.01403	0.01676	0.00864	0.42089	0.01151	0.01035	0.01404	0.03936	0.34249	0.01815	0.00876	0.00617	0.00176	0.03365	0.00888	0.00330	0.00531
21	0.02144	0.00813	0.01109	0.00850	0.01220	0.00702	0.00702	0.02329	0.01368	0.80552	0.01886	0.01627	0.01183	0.00592	0.00481	0.00148	0.00407	0.00481	0.00592	0.00813
22	0.00695	0.00463	0.00521	0.00521	0.00521	0.00463	0.00290	0.00695	0.00695	0.00927	0.01506	0.03128	0.01738	0.83203	0.02433	0.00463	0.00463	0.00695	0.00290	0.00290
23	0.01740	0.01271	0.01370	0.01070	0.01434	0.01405	0.00877	0.66204	0.10775	0.05662	0.01286	0.02505	0.00935	0.00597	0.00481	0.00146	0.00501	0.00459	0.00483	0.00800
24	0.01098	0.01049	0.01787	0.26890	0.56928	0.01113	0.01425	0.01392	0.01048	0.01458	0.00884	0.01211	0.00721	0.00442	0.00475	0.00147	0.00589	0.00426	0.00229	0.00689
25	0.00626	0.00461	0.00585	0.00608	0.00696	0.00421	0.00436	0.00784	0.01154	0.01570	0.40632	0.32911	0.14946	0.01202	0.00581	0.00168	0.00247	0.01067	0.00484	0.00421
26	0.00625	0.00487	0.00568	0.00548	0.00683	0.00429	0.00411	0.00803	0.01232	0.01631	0.45619	0.04041	0.39038	0.01084	0.00564	0.00155	0.00233	0.00930	0.00489	0.00429
27	0.00669	0.00485	0.00631	0.00601	0.00711	0.00447	0.00448	0.00886	0.01327	0.01869	0.74521	0.06936	0.06660	0.01006	0.00566	0.00152	0.00228	0.00889	0.00520	0.00447
28	0.00984	0.02437	0.79046	0.01351	0.02051	0.01101	0.01744	0.01531	0.01017	0.03181	0.00879	0.01022	0.00618	0.00457	0.00455	0.00151	0.00700	0.00356	0.00210	0.00709
29	0.00582	0.00416	0.00555	0.00666	0.00693	0.00388	0.00444	0.00666	0.00915	0.01220	0.02634	0.82891	0.03161	0.01497	0.00610	0.00194	0.00277	0.01359	0.00444	0.00388
30	0.00903	0.00850	0.01434	0.82054	0.03292	0.01062	0.01327	0.01221	0.00956	0.01221	0.00850	0.01274	0.00637	0.00478	0.00478	0.00159	0.00637	0.00425	0.00212	0.00531
31	0.01058	0.01008	0.01714	0.38182	0.45949	0.01103	0.01405	0.01357	0.01029	0.01410	0.00877	0.01224	0.00704	0.00449	0.00475	0.00150	0.00599	0.00425	0.00226	0.00656
32	0.00874	0.00791	0.01309	0.35245	0.21079	0.00870	0.02857	0.01112	0.00979	0.01310	0.01430	0.27131	0.01469	0.00787	0.00521	0.00166	0.00510	0.00724	0.00292	0.00543
33	0.00840	0.00744	0.01070	0.00979	0.01028	0.00974	0.00792	0.00982	0.00752	0.01127	0.00997	0.01516	0.00948	0.02391	0.46686	0.00525	0.36471	0.00471	0.00236	0.00468
34	0.00991	0.00850	0.00991	0.00708	0.01133	0.00637	0.00566	0.01203	0.00991	0.01557	0.00850	0.00991	0.00708	0.00354	0.00354	0.00071	0.00354	0.00283	0.00283	0.86124
35	0.86579	0.00924	0.00702	0.00629	0.00924	0.01072	0.00518	0.01405	0.00813	0.02144	0.00666	0.00776	0.00518	0.00444	0.00296	0.00148	0.00370	0.00259	0.00296	0.00518
36	0.01041	0.01039	0.01463	0.04020	0.01325	0.01450	0.01055	0.01153	0.00740	0.01153	0.00635	0.01054	0.00628	0.00824	0.01531	0.00207	0.79532	0.00419	0.00209	0.00523
37	0.00598	0.00485	0.00530	0.00519	0.00666	0.00418	0.00389	0.00750	0.01168	0.01478	0.27264	0.04293	0.57489	0.01141	0.00565	0.00158	0.00237	0.00966	0.00468	0.00418
38	0.00582	0.00416	0.00555	0.00666	0.00693	0.00388	0.00444	0.00666	0.00915	0.01220	0.02634	0.82891	0.03161	0.01497	0.00610	0.00194	0.00277	0.01359	0.00444	0.00388
39	0.01012	0.00877	0.02381	0.00722	0.01151	0.00647	0.00590	0.01230	0.00998	0.03028	0.00869	0.01003	0.00715	0.00360	0.00358	0.00074	0.00361	0.00288	0.00288	0.83049
40	0.01278	0.83490	0.02505	0.00818	0.01227	0.01891	0.00818	0.01431	0.00971	0.01125	0.00664	0.00767	0.00613	0.00409	0.00307	0.00102	0.00511	0.00256	0.00204	0.00613
41	0.00959	0.02472	0.80726	0.01362	0.02069	0.01110	0.01766	0.01514	0.01009	0.01514	0.00858	0.01009	0.00605	0.00454	0.00454	0.00151	0.00706	0.00353	0.00202	0.00706
42	0.01172	0.56690	0.28379	0.00998	0.01505	0.01633	0.01131	0.01458	0.00984	0.01253	0.00728	0.00847	0.00611	0.00424	0.00355	0.00118	0.00576	0.00288	0.00204	0.00644
43	0.00582	0.00416	0.00555	0.00666	0.00693	0.00388	0.00444	0.00666	0.00915	0.01220	0.02634	0.82891	0.03161	0.01497	0.00610	0.00194	0.00277	0.01359	0.00444	0.00388
44	0.01118	0.01269	0.02756	0.05714	0.02535	0.01202	0.74919	0.01517	0.01120	0.01517	0.00962	0.01289	0.00721	0.00406	0.00560	0.00161	0.00798	0.00558	0.00240	0.00639
45	0.00830	0.00415	0.00623	0.00623	0.00623	0.00415	0.00415	0.00623	0.00623	0.00830	0.00830	0.01453	0.00830	0.01660	0.01868	0.86094	0.00415	0.00415	0.00208	0.00208
46	0.00658	0.00488	0.00613	0.00582	0.00703	0.00443	0.00436	0.00866	0.01309	0.01812	0.67435	0.03742	0.17109	0.01016	0.00564	0.00152	0.00228	0.00888	0.00512	0.00443
47	0.00695	0.00463	0.00521	0.00521	0.00521	0.00463	0.00290	0.00695	0.00695	0.00927	0.01506	0.03128	0.01738	0.83203	0.02433	0.00463	0.00463	0.00695	0.00290	0.00290
48	0.00669	0.00485	0.00631	0.00602	0.00712	0.00447	0.00449	0.00886	0.01325	0.01869	0.74513	0.07632	0.05964	0.01008	0.00566	0.00153	0.00228	0.00892	0.00520	0.00447
49	0.01785	0.02278	0.01354	0.01231	0.01478	0.81284	0.00924	0.01909	0.01354	0.01170	0.00739	0.00862	0.00616	0.00493	0.00431	0.00123	0.00862	0.00308	0.00246	0.00554
50	0.02144	0.00813	0.01109	0.00850	0.01220	0.00702	0.00702	0.02329	0.01368	0.80552	0.01886	0.01627	0.01183	0.00592	0.00481	0.00148	0.00407	0.00481	0.00592	0.00813
51	0.86579	0.00924	0.00702	0.00629	0.00924	0.01072	0.00518	0.01405	0.00813	0.02144	0.00666	0.00776	0.00518	0.00444	0.00296	0.00148	0.00370	0.00259	0.00296	0.00518
52	0.86579	0.00924	0.00702	0.00629	0.00924	0.01072	0.00518	0.01405	0.00813	0.02144	0.00666	0.00776	0.00518	0.00444	0.00296	0.00148	0.00370	0.00259	0.00296	0.00518
53	0.00823	0.00418	0.00618	0.00618	0.00618	0.00418	0.00409	0.00626	0.00626	0.00835	0.00865	0.01538	0.00876	0.05815	0.01897	0.81731	0.00418	0.00429	0.00212	0.00212
54	0.00770	0.00550	0.00770	0.00880	0.00990	0.00550	0.00770	0.00990	0.01100	0.01430	0.02531	0.05391	0.02751	0.01320	0.00660	0.00220	0.00440	0.77004	0.00440	0.00440
55	0.86579	0.00924	0.00702	0.00629	0.00924	0.01072	0.00518	0.01405	0.00813	0.02144	0.00666	0.00776	0.00518	0.00444	0.00296	0.00148	0.00370	0.00259	0.00296	0.00518
56	0.01919	0.01149	0.01314	0.01010	0.01386	0.01204	0.00833	0.50434	0.03495	0.30084	0.01422	0.01328	0.00955	0.00581	0.00479	0.00145	0.00481	0.00450	0.00518	0.00812
57	0.00760	0.00547	0.00756	0.00860	0.00973	0.00543	0.00749	0.00975	0.01100	0.01423	0.02648	0.05351	0.06688	0.01315	0.00655	0.00217	0.00430	0.73132	0.00440	0.00438
58	0.00891	0.00445	0.00445	0.00445	0.00557	0.00445	0.00334	0.01114	0.01002	0.01782	0.01559	0.01782	0.01225	0.00557	0.00334	0.00111	0.00223	0.00445	0.85856	0.00445
59	0.00588	0.00425	0.00556	0.00651	0.00692	0.00393	0.00440	0.00683	0.00955	0.01271	0.07998	0.73026	0.07663	0.01446	0.00604	0.00189	0.00272	0.01305	0.00449	0.00393
60	0.00582	0.00416	0.00555	0.00666	0.00693	0.00388	0.00444	0.00666	0.00915	0.01220	0.02634	0.82891	0.03161	0.01497	0.00610	0.00194	0.00277	0.01359	0.00444	0.00388
61	0.01046	0.01046	0.01464	0.01255	0.01255	0.01464	0.01046	0.01150	0.00732	0.01150	0.00627	0.01046	0.00627	0.00837	0.01569	0.00209	0.82328	0.00418	0.00209	0.00523
62	0.02128	0.00840	0.01126	0.00863	0.01233	0.00742	0.00713	0.06217	0.01413	0.76601	0.01848	0.01602	0.01164	0.00591	0.00481	0.00148	0.00413	0.00478	0.00586	0.00813
63	0.01817	0.01339	0.01434	0.01100	0.01482	0.01482	0.00908	0.78627	0.02247	0.03012	0.01148	0.01148	0.00813	0.00574	0.00478	0.00143	0.00526	0.00430	0.00478	0.00813
64	0.00589	0.00419	0.00555	0.00658	0.00686	0.00393	0.00437	0.00671	0.00913	0.01219	0.03867	0.78116	0.03122	0.05033	0.00688	0.00205	0.00285	0.01322	0.00438	0.00385
65	0.01381	0.01122	0.01189	0.01012	0.01316	0.01279	0.00803	0.25837	0.55747	0.02310	0.01701	0.01589	0.01261	0.00626	0.00484	0.00156	0.00423	0.00507	0.00484	0.00774
66	0.00959	0.02472	0.80726	0.01362	0.02069	0.01110	0.01766	0.01514	0.01009	0.01514	0.00858	0.01009	0.00605	0.00454	0.00454	0.00151	0.00706	0.00353	0.00202	0.00706
67	0.00683	0.00512	0.00768	0.00768	0.00853	0.00597	0.00597	0.00853	0.00768	0.01110	0.01280	0.01878	0.01195	0.03585	0.81308	0.00768	0.01280	0.00512	0.00256	0.00427
68	0.00656	0.00473	0.00620	0.00615	0.00709	0.00437	0.00449	0.00850	0.01257	0.01764	0.63014	0.20961	0.04214	0.01091	0.00574	0.00160	0.00237	0.00973	0.00508	0.00437
69	0.00581	0.00421	0.00550	0.00653	0.00690	0.00389	0.00438	0.00667	0.00927	0.01225	0.02784	0.77589	0.08367	0.01478	0.00607	0.00192	0.00275	0.01335	0.00444	0.00389
70	0.00582	0.00416	0.00555	0.00666	0.00693	0.00388	0.00444	0.00666	0.00915	0.01220	0.02634	0.82891	0.03161	0.01497	0.00610	0.00194	0.00277	0.01359	0.00444	0.00388
71	0.00695	0.00463	0.00521	0.00521	0.00521	0.00463	0.00290	0.00695	0.00695	0.00927	0.01506	0.03128	0.01738	0.83203	0.02433	0.00463	0.00463	0.00695	0.00290	0.00290
72	0.86579	0.00924	0.00702	0.00629	0.00924	0.01072	0.00518	0.01405	0.00813	0.02144	0.00666	0.00776	0.00518	0.00444	0.00296	0.00148	0.00370	0.00259	0.00296	0.00518
73	0.01189	0.01027	0.01081	0.00973	0.01243	0.01189	0.00757	0.02540	0.79357	0.01999	0.01945	0.01783	0.01459	0.00648	0.00486	0.00162	0.00378	0.00540	0.00486	0.00757
74	0.02144	0.00813	0.01109	0.00850	0.01220	0.00702	0.00702	0.02329	0.01368	0.80552	0.01886	0.01627	0.01183	0.00592	0.00481	0.00148	0.00407	0.00481	0.00592	0.00813
75	0.00638	0.00468	0.00599	0.00615	0.00708	0.00430	0.00448	0.00808	0.01184	0.01621	0.45740	0.27419	0.12987	0.01170	0.00581	0.00167	0.00249	0.03254	0.00489	0.00426
76	0.25196	0.58856	0.01980	0.00770	0.01147	0.01654	0.00735	0.02826	0.00950	0.01445	0.00674	0.00776	0.00590	0.00422	0.00307	0.00116	0.00472	0.00260	0.00235	0.00590
77	0.01392	0.01128	0.01195	0.01014	0.01320	0.01284	0.00806	0.27135	0.54432	0.02327	0.01687	0.01578	0.01250	0.00624	0.00484	0.00156	0.00426	0.00505	0.00484	0.00775
78	0.52143	0.01027	0.00999	0.10469	0.01361	0.01188	0.00729	0.21759	0.01207	0.02242	0.00814	0.00940	0.00612	0.00491	0.00393	0.00149	0.02220	0.00327	0.00332	0.00597
79	0.86579	0.00924	0.00702	0.00629	0.00924	0.01072	0.00518	0.01405	0.00813	0.02144	0.00666	0.00776	0.00518	0.00444	0.00296	0.00148	0.00370	0.00259	0.00296	0.00518
80	0.01046	0.01046	0.01464	0.01255	0.01255	0.01464	0.01046	0.01150	0.00732	0.01150	0.00627	0.01046	0.00627	0.00837	0.01569	0.00209	0.82328	0.00418	0.00209	0.00523
81	0.01817	0.01339	0.01434	0.01100	0.01482	0.01482	0.00908	0.78627	0.02247	0.03012	0.01148	0.01148	0.00813	0.00574	0.00478	0.00143	0.00526	0.00430	0.00478	0.00813
82	0.86579	0.00924	0.00702	0.00629	0.00924	0.01072	0.00518	0.01405	0.00813	0.02144	0.00666	0.00776	0.00518	0.00444	0.00296	0.00148	0.00370	0.00259	0.00296	0.00518
83	0.00903	0.00850	0.01434	0.82054	0.03292	0.01062	0.01327	0.01221	0.00956	0.01221	0.00850	0.01274	0.00637	0.00478	0.00478	0.00159	0.00637	0.00425	0.00212	0.00531
84	0.00683	0.00512	0.00768	0.00768	0.00853	0.00597	0.00597	0.00853	0.00768	0.01110	0.01280	0.01878	0.01195	0.03585	0.81308	0.00768	0.01280	0.00512	0.00256	0.00427
85	0.00815	0.00419	0.00614	0.00616	0.00616	0.00418	0.00406	0.00629	0.00634	0.00845	0.00918	0.03193	0.00946	0.07915	0.01886	0.77823	0.00416	0.00455	0.00219	0.00217
86	0.02094	0.00802	0.01093	0.00842	0.01203	0.00694	0.00694	0.02280	0.01367	0.77861	0.04557	0.01693	0.01297	0.00605	0.00483	0.00148	0.00401	0.00494	0.00589	0.00801
87	0.00995	0.11642	0.71873	0.01301	0.01973	0.01198	0.01659	0.01504	0.01005	0.01470	0.00836	0.00982	0.00606	0.00449	0.00437	0.00146	0.00684	0.00342	0.00202	0.00696
88	0.00571	0.00484	0.00493	0.00491	0.00649	0.00406	0.00368	0.00698	0.01104	0.01325	0.08901	0.04544	0.75947	0.01198	0.00565	0.00161	0.00241	0.01001	0.00448	0.00406
89	0.01733	0.01293	0.01398	0.01088	0.01447	0.01442	0.00895	0.70383	0.06556	0.02860	0.01183	0.01200	0.00855	0.00662	0.02581	0.00162	0.02565	0.00438	0.00466	0.00793
90	0.01278	0.83490	0.02505	0.00818	0.01227	0.01891	0.00818	0.01431	0.00971	0.01125	0.00664	0.00767	0.00613	0.00409	0.00307	0.00102	0.00511	0.00256	0.00204	0.00613
91	0.01189	0.01027	0.01081	0.00973	0.01243	0.01189	0.00757	0.02540	0.79357	0.01999	0.01945	0.01783	0.01459	0.00648	0.00486	0.00162	0.00378	0.00540	0.00486	0.00757
92	0.00590	0.00482	0.00521	0.00519	0.00663	0.00413	0.00386	0.00731	0.01137	0.01422	0.20828	0.08368	0.59928	0.01175	0.00567	0.00161	0.00240	0.00996	0.00461	0.00413
93	0.00571	0.00482	0.00494	0.00495	0.00650	0.00405	0.00370	0.00696	0.01098	0.01321	0.08605	0.06835	0.73933	0.01207	0.00566	0.00162	0.00242	0.01012	0.00448	0.00405
94	0.01802	0.01332	0.01426	0.01097	0.01477	0.01475	0.00905	0.76870	0.04029	0.02989	0.01166	0.01162	0.00828	0.00575	0.00478	0.00144	0.00523	0.00433	0.00478	0.00812
95	0.86579	0.00924	0.00702	0.00629	0.00924	0.01072	0.00518	0.01405	0.00813	0.02144	0.00666	0.00776	0.00518	0.00444	0.00296	0.00148	0.00370	0.00259	0.00296	0.00518
96	0.01221	0.01055	0.01094	0.00975	0.01249	0.02540	0.00761	0.06375	0.72821	0.02025	0.01932	0.01782	0.02710	0.00651	0.00486	0.00160	0.00392	0.00539	0.00481	0.00750
97	0.00695	0.00463	0.00521	0.00521	0.00521	0.00463	0.00290	0.00695	0.00695	0.00927	0.01506	0.03128	0.01738	0.83203	0.02433	0.00463	0.00463	0.00695	0.00290	0.00290
98	0.00951	0.00922	0.01505	0.53606	0.02634	0.01174	0.05404	0.01211	0.00899	0.01216	0.00801	0.01222	0.00649	0.00631	0.02257	0.00184	0.23555	0.00432	0.00214	0.00533
99	0.01117	0.01267	0.02750	0.06092	0.02538	0.01201	0.74554	0.01515	0.01119	0.01515	0.00961	0.01289	0.00721	0.00407	0.00560	0.00161	0.00797	0.00557	0.00240	0.00639
100	0.00830	0.00415	0.00623	0.00623	0.00623	0.00415	0.00415	0.00623	0.00623	0.00830	0.00830	0.01453	0.00830	0.01660	0.01868	0.86094	0.00415	0.00415	0.00208	0.00208
101	0.01100	0.01051	0.01790	0.26305	0.57497	0.01114	0.01426	0.01394	0.01049	0.01461	0.00884	0.01210	0.00722	0.00441	0.00475	0.00147	0.00588	0.00426	0.00229	0.00690
102	0.00959	0.02472	0.80726	0.01362	0.02069	0.01110	0.01766	0.01514	0.01009	0.01514	0.00858	0.01009	0.00605	0.00454	0.00454	0.00151	0.00706	0.00353	0.00202	0.00706
103	0.86579	0.00924	0.00702	0.00629	0.00924	0.01072	0.00518	0.01405	0.00813	0.02144	0.00666	0.00776	0.00518	0.00444	0.00296	0.00148	0.00370	0.00259	0.00296	0.00518
104	0.01224	0.01044	0.01101	0.00980	0.01256	0.01205	0.00765	0.06836	0.75004	0.02057	0.01900	0.01747	0.01423	0.00644	0.00486	0.00161	0.00387	0.00534	0.00486	0.00760
105	0.01189	0.01027	0.01081	0.00973	0.01243	0.01189	0.00757	0.02540	0.79357	0.01999	0.01945	0.01783	0.01459	0.00648	0.00486	0.00162	0.00378	0.00540	0.00486	0.00757
106	0.01162	0.01116	0.01897	0.07888	0.73542	0.01139	0.01448	0.01444	0.01072	0.01531	0.00890	0.01186	0.00747	0.00439	0.00499	0.00145	0.02461	0.00426	0.00234	0.00737
107	0.03311	0.01331	0.01422	0.01091	0.01472	0.01475	0.00902	0.77266	0.02222	0.02997	0.01139	0.01141	0.00808	0.00571	0.00475	0.00144	0.00523	0.00427	0.00475	0.00808
108	0.00964	0.03863	0.79384	0.01353	0.02054	0.01123	0.01750	0.01512	0.01008	0.01507	0.00854	0.01005	0.00606	0.00453	0.00452	0.00151	0.00703	0.00352	0.00202	0.00705
109	0.00689	0.00537	0.00635	0.00622	0.00764	0.00504	0.00481	0.00966	0.07390	0.01651	0.38890	0.03994	0.30298	0.01071	0.00569	0.00163	0.00268	0.09566	0.00485	0.00457
110	0.00689	0.00488	0.00647	0.00647	0.00691	0.00532	0.00447	0.00776	0.00732	0.01020	0.01391	0.02490	0.01461	0.42585	0.42672	0.00619	0.00880	0.00602	0.00272	0.00360
111	0.00741	0.00554	0.00802	0.00785	0.00886	0.00643	0.00613	0.04816	0.00844	0.01206	0.01273	0.01840	0.01175	0.03431	0.77190	0.00736	0.01242	0.00508	0.00267	0.00446
112	0.00991	0.00850	0.00991	0.00708	0.01133	0.00637	0.00566	0.01203	0.00991	0.01557	0.00850	0.00991	0.00708	0.00354	0.00354	0.00071	0.00354	0.00283	0.00283	0.86124
113	0.86579	0.00924	0.00702	0.00629	0.00924	0.01072	0.00518	0.01405	0.00813	0.02144	0.00666	0.00776	0.00518	0.00444	0.00296	0.00148	0.00370	0.00259	0.00296	0.00518
114	0.01183	0.59310	0.25850	0.00980	0.01478	0.01658	0.01101	0.01456	0.00982	0.01241	0.00722	0.00839	0.00611	0.00422	0.00351	0.00117	0.00569	0.00285	0.00204	0.00641
115	0.01171	0.01007	0.01061	0.00957	0.01217	0.01163	0.00740	0.02474	0.76573	0.01961	0.01930	0.01831	0.01469	0.03570	0.00555	0.00173	0.00381	0.00546	0.00479	0.00740
116	0.00604	0.00484	0.00540	0.00529	0.00670	0.00420	0.00395	0.00761	0.01178	0.01508	0.31047	0.05819	0.52091	0.01135	0.00565	0.00158	0.00237	0.00965	0.00473	0.00420
117	0.00681	0.00494	0.00646	0.00631	0.00743	0.00459	0.00485	0.00898	0.01302	0.01817	0.65812	0.05509	0.07605	0.01039	0.00576	0.00160	0.00253	0.09933	0.00511	0.00446
118	0.01046	0.01046	0.01464	0.01255	0.01255	0.01464	0.01046	0.01150	0.00732	0.01150	0.00627	0.01046	0.00627	0.00837	0.01569	0.00209	0.82328	0.00418	0.00209	0.00523
119	0.37497	0.01124	0.07865	0.01033	0.04026	0.01075	0.09633	0.09896	0.03589	0.12224	0.03671	0.01156	0.00846	0.00505	0.00437	0.00150	0.02503	0.00388	0.00349	0.02033
120	0.00959	0.00668	0.00834	0.02078	0.00979	0.00577	0.00560	0.03072	0.01223	0.09728	0.34054	0.02645	0.06277	0.00759	0.00493	0.00131	0.00317	0.06518	0.00439	0.27689
121	0.84879	0.00916	0.00701	0.00628	0.00920	0.01060	0.00516	0.01395	0.00824	0.02140	0.02235	0.00832	0.00597	0.00454	0.00301	0.00148	0.00367	0.00271	0.00300	0.00516
122	0.00976	0.06957	0.76396	0.01332	0.02022	0.01153	0.01713	0.01509	0.01007	0.01492	0.00847	0.00996	0.00606	0.00452	0.00446	0.00149	0.00696	0.00348	0.00202	0.00701
123	0.02144	0.00813	0.01109	0.00850	0.01220	0.00702	0.00702	0.02329	0.01368	0.80552	0.01886	0.01627	0.01183	0.00592	0.00481	0.00148	0.00407	0.00481	0.00592	0.00813
124	0.01270	0.01009	0.01083	0.00962	0.01241	0.01147	0.00752	0.02522	0.72717	0.08688	0.01940	0.01770	0.01436	0.00644	0.00486	0.00161	0.00381	0.00535	0.00495	0.00761
125	0.06260	0.01118	0.01273	0.00981	0.01354	0.01165	0.00810	0.45660	0.01840	0.32473	0.01404	0.01311	0.00939	0.00574	0.00470	0.00145	0.00473	0.00441	0.00512	0.00798
126	0.00677	0.00488	0.00640	0.00609	0.00720	0.00452	0.00458	0.00899	0.01338	0.01890	0.76509	0.05332	0.04440	0.00996	0.00567	0.00153	0.00232	0.02628	0.00522	0.00449
127	0.01069	0.01596	0.24651	0.06171	0.03747	0.01172	0.51414	0.01508	0.01085	0.01510	0.00929	0.01208	0.00687	0.00422	0.00527	0.00158	0.00765	0.00495	0.00229	0.00658
128	0.00830	0.00415	0.00623	0.00623	0.00623	0.00415	0.00415	0.00623	0.00623	0.00830	0.00830	0.01453	0.00830	0.01660	0.01868	0.86094	0.00415	0.00415	0.00208	0.00208
129	0.28598	0.01160	0.01149	0.00931	0.01269	0.01308	0.00762	0.42706	0.13382	0.02585	0.01115	0.01125	0.00816	0.00544	0.00422	0.00148	0.00454	0.00392	0.00422	0.00711
130	0.03465	0.00879	0.01098	0.00828	0.01214	0.00769	0.00679	0.09628	0.01333	0.47622	0.01478	0.01372	0.00991	0.00516	0.00439	0.00124	0.00402	0.00412	0.00482	0.26269
131	0.61272	0.01328	0.00897	0.00808	0.01089	0.25012	0.00639	0.01555	0.00975	0.01854	0.00687	0.00802	0.00547	0.00458	0.00336	0.00141	0.00517	0.00273	0.00281	0.00529
132	0.01189	0.01027	0.01081	0.00973	0.01243	0.01189	0.00757	0.02540	0.79357	0.01999	0.01945	0.01783	0.01459	0.00648	0.00486	0.00162	0.00378	0.00540	0.00486	0.00757
133	0.00830	0.00415	0.00623	0.00623	0.00623	0.00415	0.00415	0.00623	0.00623	0.00830	0.00830	0.01453	0.00830	0.01660	0.01868	0.86094	0.00415	0.00415	0.00208	0.00208
134	0.00770	0.00550	0.00770	0.00880	0.00990	0.00550	0.00770	0.00990	0.01100	0.01430	0.02531	0.05391	0.02751	0.01320	0.00660	0.00220	0.00440	0.77004	0.00440	0.00440
135	0.00676	0.00489	0.00639	0.00601	0.00714	0.00451	0.00451	0.00902	0.01353	0.01917	0.79969	0.03570	0.04510	0.00977	0.00564	0.00150	0.00225	0.00864	0.00526	0.00451
136	0.00959	0.02472	0.80726	0.01362	0.02069	0.01110	0.01766	0.01514	0.01009	0.01514	0.00858	0.01009	0.00605	0.00454	0.00454	0.00151	0.00706	0.00353	0.00202	0.00706
137	0.00683	0.00512	0.00768	0.00768	0.00853	0.00597	0.00597	0.00853	0.00768	0.01110	0.01280	0.01878	0.01195	0.03585	0.81308	0.00768	0.01280	0.00512	0.00256	0.00427
138	0.86579	0.00924	0.00702	0.00629	0.00924	0.01072	0.00518	0.01405	0.00813	0.02144	0.00666	0.00776	0.00518	0.00444	0.00296	0.00148	0.00370	0.00259	0.00296	0.00518
139	0.00917	0.00868	0.01479	0.77738	0.05908	0.01067	0.02883	0.01236	0.00964	0.01239	0.00854	0.01271	0.00643	0.00475	0.00479	0.00159	0.00638	0.00428	0.00214	0.00541
140	0.86579	0.00924	0.00702	0.00629	0.00924	0.01072	0.00518	0.01405	0.00813	0.02144	0.00666	0.00776	0.00518	0.00444	0.00296	0.00148	0.00370	0.00259	0.00296	0.00518
141	0.00688	0.00471	0.00554	0.00543	0.00578	0.00459	0.00336	0.00753	0.00887	0.01212	0.23642	0.03277	0.03853	0.58666	0.01875	0.00370	0.00393	0.00748	0.00359	0.00337
142	0.00568	0.00484	0.00488	0.00487	0.00647	0.00405	0.00365	0.00691	0.01096	0.01307	0.06771	0.04573	0.78088	0.01204	0.00565	0.00161	0.00242	0.01005	0.00446	0.00405
143	0.00991	0.00850	0.00991	0.00708	0.01133	0.00637	0.00566	0.01203	0.00991	0.01557	0.00850	0.00991	0.00708	0.00354	0.00354	0.00071	0.00354	0.00283	0.00283	0.86124
144	0.01817	0.01339	0.01434	0.01100	0.01482	0.01482	0.00908	0.78627	0.02247	0.03012	0.01148	0.01148	0.00813	0.00574	0.00478	0.00143	0.00526	0.00430	0.00478	0.00813
145	0.01166	0.01001	0.01064	0.00968	0.01229	0.01154	0.00757	0.02456	0.75129	0.01969	0.01977	0.01978	0.01529	0.00685	0.00496	0.00165	0.00382	0.04672	0.00484	0.00739
146	0.00586	0.00419	0.00559	0.00670	0.00700	0.00392	0.00451	0.00672	0.00919	0.01225	0.02632	0.81253	0.03153	0.01494	0.00611	0.00195	0.00281	0.02958	0.00444	0.00389
147	0.54306	0.00880	0.00840	0.00703	0.01019	0.00932	0.00575	0.01681	0.02412	0.25764	0.01083	0.01111	0.00770	0.02283	0.00404	0.00152	0.00382	0.00341	0.00388	0.03975
148	0.00688	0.00464	0.00519	0.00519	0.00528	0.00460	0.00293	0.00695	0.00715	0.00945	0.01676	0.03203	0.05726	0.79025	0.02338	0.00448	0.00452	0.00711	0.00297	0.00295
149	0.02144	0.00813	0.01109	0.00850	0.01220	0.00702	0.00702	0.02329	0.01368	0.80552	0.01886	0.01627	0.01183	0.00592	0.00481	0.00148	0.00407	0.00481	0.00592	0.00813
150	0.00591	0.00421	0.00558	0.00666	0.00694	0.00395	0.00446	0.00674	0.00912	0.01215	0.02593	0.78371	0.03103	0.04289	0.00674	0.00204	0.00287	0.03084	0.00438	0.00386
151	0.02127	0.00842	0.01127	0.00864	0.01234	0.00745	0.00714	0.06452	0.01416	0.76363	0.01846	0.01601	0.01163	0.00591	0.00481	0.00148	0.00413	0.00478	0.00585	0.00813
152	0.01278	0.83490	0.02505	0.00818	0.01227	0.01891	0.00818	0.01431	0.00971	0.01125	0.00664	0.00767	0.00613	0.00409	0.00307	0.00102	0.00511	0.00256	0.00204	0.00613
153	0.01210	0.01037	0.01093	0.00977	0.01251	0.01199	0.00762	0.05143	0.76719	0.02034	0.01918	0.01762	0.01437	0.00646	0.00486	0.00161	0.00383	0.00537	0.00486	0.00758
154	0.00620	0.00460	0.00566	0.00597	0.00679	0.00420	0.00420	0.00751	0.01072	0.01428	0.26720	0.32971	0.20528	0.08322	0.00744	0.00197	0.00272	0.02374	0.00456	0.00403
155	0.00695	0.00463	0.00521	0.00521	0.00521	0.00463	0.00290	0.00695	0.00695	0.00927	0.01506	0.03128	0.01738	0.83203	0.02433	0.00463	0.00463	0.00695	0.00290	0.00290
156	0.01770	0.01293	0.01384	0.01066	0.01435	0.01429	0.00879	0.74678	0.02184	0.02950	0.01169	0.01180	0.00834	0.00573	0.00471	0.00142	0.00511	0.00431	0.04828	0.00794
157	0.01189	0.01027	0.01081	0.00973	0.01243	0.01189	0.00757	0.02540	0.79357	0.01999	0.01945	0.01783	0.01459	0.00648	0.00486	0.00162	0.00378	0.00540	0.00486	0.00757
158	0.01116	0.01267	0.02748	0.01972	0.02437	0.01198	0.75379	0.01506	0.01116	0.01517	0.00993	0.02899	0.00771	0.00433	0.00585	0.00163	0.02440	0.00577	0.00245	0.00637
159	0.01278	0.83490	0.02505	0.00818	0.01227	0.01891	0.00818	0.01431	0.00971	0.01125	0.00664	0.00767	0.00613	0.00409	0.00307	0.00102	0.00511	0.00256	0.00204	0.00613
160	0.00695	0.00464	0.00527	0.00527	0.00529	0.00466	0.00296	0.00699	0.00697	0.00931	0.01501	0.03101	0.01726	0.81476	0.04143	0.00470	0.00481	0.00691	0.00289	0.00293
161	0.00619	0.00450	0.00586	0.00654	0.00711	0.00424	0.00452	0.00769	0.03034	0.01402	0.20490	0.60720	0.05204	0.01349	0.00595	0.00182	0.00267	0.01216	0.00464	0.00412
162	0.01189	0.01027	0.01081	0.00973	0.01243	0.01189	0.00757	0.02540	0.79357	0.01999	0.01945	0.01783	0.01459	0.00648	0.00486	0.00162	0.00378	0.00540	0.00486	0.00757
163	0.00644	0.00458	0.00614	0.00714	0.00764	0.00439	0.00524	0.00762	0.00961	0.01273	0.04161	0.54443	0.02980	0.06946	0.00746	0.00219	0.00334	0.22188	0.00434	0.00397
164	0.00693	0.00472	0.00564	0.00564	0.00579	0.00487	0.00343	0.00723	0.00708	0.00958	0.01467	0.02911	0.01644	0.69416	0.16090	0.00516	0.00605	0.00663	0.00284	0.00313
165	0.00708	0.00549	0.00817	0.00802	0.00882	0.00658	0.00629	0.00874	0.00766	0.01112	0.01235	0.01819	0.01155	0.03392	0.75729	0.00729	0.06952	0.00506	0.00253	0.00433
166	0.01181	0.01013	0.01071	0.00962	0.01229	0.01168	0.00749	0.03714	0.75442	0.02013	0.04602	0.01834	0.01553	0.00658	0.00489	0.00161	0.00375	0.00550	0.00488	0.00747
167	0.00660	0.00465	0.00594	0.00613	0.00693	0.00429	0.00432	0.00804	0.01115	0.02878	0.37372	0.32956	0.09748	0.08117	0.00737	0.00194	0.00269	0.01038	0.00470	0.00417
168	0.00978	0.00930	0.01463	0.63182	0.06863	0.03665	0.03683	0.03391	0.01017	0.01322	0.02951	0.01313	0.00763	0.00508	0.00530	0.00158	0.04473	0.00437	0.01823	0.00551
169	0.01128	0.00634	0.00814	0.00699	0.00897	0.00590	0.00547	0.07080	0.01419	0.21728	0.53030	0.02920	0.04834	0.00855	0.00536	0.00149	0.00294	0.00738	0.00537	0.00568
170	0.00683	0.00512	0.00768	0.00768	0.00853	0.00597	0.00597	0.00853	0.00768	0.01110	0.01280	0.01878	0.01195	0.03585	0.81308	0.00768	0.01280	0.00512	0.00256	0.00427
171	0.08342	0.00809	0.00971	0.00842	0.01101	0.00758	0.00660	0.01767	0.09053	0.33886	0.22261	0.04148	0.07326	0.00865	0.00561	0.00179	0.00388	0.04828	0.00558	0.00698
172	0.01089	0.01040	0.01771	0.29379	0.54508	0.01111	0.01420	0.01385	0.01044	0.01448	0.00882	0.01213	0.00717	0.00443	0.00475	0.00148	0.00591	0.00425	0.00228	0.00682
173	0.47439	0.00884	0.00869	0.00721	0.01035	0.00937	0.00593	0.06948	0.01105	0.27881	0.01158	0.01147	0.00803	0.00509	0.00371	0.00145	0.00383	0.00356	0.06086	0.00630
174	0.00615	0.00439	0.00592	0.00703	0.00745	0.00417	0.00501	0.00722	0.00948	0.01257	0.02616	0.69293	0.03089	0.01466	0.00619	0.00199	0.00306	0.14631	0.00443	0.00397
175	0.00703	0.00572	0.00863	0.23641	0.01482	0.00613	0.02009	0.00880	0.00974	0.01282	0.06447	0.42838	0.05861	0.01175	0.02074	0.00193	0.00415	0.07161	0.00376	0.00442
176	0.00598	0.00427	0.00573	0.00684	0.00719	0.00402	0.00471	0.00693	0.00931	0.01238	0.02626	0.76290	0.03126	0.01482	0.00614	0.00196	0.00291	0.07801	0.00443	0.00393
177	0.00959	0.02472	0.80726	0.01362	0.02069	0.01110	0.01766	0.01514	0.01009	0.01514	0.00858	0.01009	0.00605	0.00454	0.00454	0.00151	0.00706	0.00353	0.00202	0.00706
178	0.01537	0.00714	0.00929	0.00804	0.01053	0.00662	0.00625	0.01827	0.10527	0.46020	0.02113	0.26185	0.01821	0.02142	0.00550	0.00168	0.00365	0.00756	0.00530	0.00670
179	0.28657	0.01316	0.01039	0.00930	0.01198	0.22650	0.00727	0.03243	0.25905	0.04584	0.01157	0.01187	0.00890	0.00614	0.02433	0.00162	0.01957	0.00381	0.00354	0.00617
180	0.01249	0.01013	0.01083	0.00965	0.01241	0.01158	0.00753	0.02527	0.74436	0.06956	0.01942	0.01773	0.01442	0.00645	0.00486	0.00161	0.00380	0.00537	0.00493	0.00760
181	0.00694	0.00487	0.00679	0.00711	0.00775	0.00518	0.00522	0.00818	0.00833	0.02810	0.01787	0.24781	0.01928	0.14933	0.39750	0.00512	0.00802	0.05923	0.00333	0.00404
182	0.00592	0.00420	0.00552	0.00653	0.00678	0.00395	0.00430	0.00668	0.00896	0.01194	0.02535	0.75880	0.03036	0.08679	0.00770	0.00218	0.00294	0.01300	0.00430	0.00380
183	0.03393	0.00888	0.00959	0.00840	0.01054	0.00980	0.00630	0.13337	0.37008	0.07185	0.01658	0.02053	0.01402	0.25267	0.01061	0.00248	0.00427	0.00559	0.00429	0.00623
184	0.28835	0.07699	0.38680	0.01058	0.01559	0.01171	0.02802	0.03002	0.08078	0.01763	0.00888	0.00995	0.00661	0.00466	0.00398	0.00148	0.00552	0.00338	0.00264	0.00644
185	0.03642	0.00966	0.01588	0.01201	0.01557	0.00916	0.25334	0.06396	0.06229	0.33587	0.05015	0.03744	0.01250	0.05565	0.00628	0.00173	0.00530	0.00555	0.00435	0.00690
186	0.61120	0.25566	0.01240	0.00685	0.01015	0.01317	0.00607	0.01413	0.00860	0.01840	0.00665	0.00774	0.00546	0.00433	0.00299	0.00134	0.00412	0.00258	0.00269	0.00546
187	0.00892	0.00634	0.00795	0.00677	0.00871	0.00575	0.02417	0.03971	0.01156	0.06319	0.29546	0.05475	0.08428	0.11330	0.00759	0.00175	0.01850	0.00673	0.05812	0.17645

[dist]
# distance from previous block
# <min> <max>
0	1

# created by:
# /st0/software/busco_prod/Augustus/scripts/msa2prfl.pl ./align_prep/404316.fa
