[name]
unknown

[dist]
# distance from previous block
# <min> <max>
10	136

[block]
# block no. 0 follows, 64 sequences, length 104
# corresponding to MSA columns:
# 159-262
name=unknown_A
#
# <colnr> <probs for GDERKNQSTAVLIFYWHMCP>
#	G	D	E	R	K	N	Q	S	T	A	V	L	I	F	Y	W	H	M	C	P
0	0.06620	0.65266	0.12133	0.00765	0.01143	0.02394	0.00794	0.01290	0.00858	0.04619	0.00645	0.00726	0.00548	0.00370	0.00290	0.00099	0.00457	0.00242	0.00197	0.00545
1	0.00811	0.00770	0.01314	0.75100	0.10059	0.00932	0.03024	0.01087	0.00844	0.01094	0.00745	0.01101	0.00565	0.00410	0.00417	0.00137	0.00552	0.00372	0.00187	0.00481
2	0.00506	0.00361	0.00482	0.00578	0.00602	0.00337	0.00386	0.00578	0.00795	0.01060	0.02289	0.85131	0.02747	0.01301	0.00530	0.00169	0.00241	0.01181	0.00386	0.00337
3	0.01117	0.00950	0.01122	0.02537	0.15117	0.01065	0.00793	0.14894	0.53839	0.01804	0.01407	0.01364	0.01061	0.00517	0.00419	0.00135	0.00381	0.00435	0.00380	0.00662
4	0.00536	0.00423	0.00484	0.00468	0.00589	0.00370	0.00351	0.00684	0.01054	0.01377	0.40896	0.03579	0.45796	0.00957	0.00490	0.00136	0.00204	0.00818	0.00419	0.00370
5	0.01456	0.01102	0.01188	0.02963	0.01287	0.01231	0.00773	0.64492	0.17075	0.02414	0.01122	0.01104	0.00809	0.00509	0.00417	0.00128	0.00435	0.00392	0.00411	0.00691
6	0.00593	0.00445	0.00668	0.00668	0.00742	0.00519	0.00519	0.00742	0.00668	0.00964	0.01113	0.01632	0.01038	0.03115	0.83756	0.00668	0.01113	0.00445	0.00223	0.00371
7	0.01254	0.00850	0.00899	0.00726	0.00963	0.00924	0.00588	0.48903	0.01516	0.02186	0.01142	0.01220	0.00851	0.00493	0.00365	0.00113	0.00351	0.00379	0.35701	0.00577
8	0.00805	0.00759	0.01283	0.77509	0.09596	0.00928	0.01164	0.01079	0.00840	0.01086	0.00742	0.01101	0.00562	0.00411	0.00415	0.00137	0.00549	0.00369	0.00186	0.00478
9	0.01579	0.01163	0.01247	0.00956	0.01288	0.01288	0.00789	0.81426	0.01953	0.02618	0.00997	0.00997	0.00706	0.00499	0.00416	0.00125	0.00457	0.00374	0.00416	0.00706
10	0.04067	0.01153	0.01228	0.00944	0.01274	0.01278	0.00780	0.79126	0.01917	0.02596	0.00985	0.00988	0.00699	0.00495	0.00411	0.00125	0.00453	0.00370	0.00411	0.00699
11	0.88336	0.00803	0.00611	0.00546	0.00803	0.00932	0.00450	0.01221	0.00707	0.01864	0.00578	0.00675	0.00450	0.00386	0.00257	0.00129	0.00321	0.00225	0.00257	0.00450
12	0.00922	0.00736	0.00868	0.00623	0.00989	0.00557	0.00499	0.01105	0.00881	0.06322	0.00793	0.00895	0.00640	0.00320	0.00314	0.00066	0.00310	0.00257	0.00262	0.82639
13	0.88336	0.00803	0.00611	0.00546	0.00803	0.00932	0.00450	0.01221	0.00707	0.01864	0.00578	0.00675	0.00450	0.00386	0.00257	0.00129	0.00321	0.00225	0.00257	0.00450
14	0.88336	0.00803	0.00611	0.00546	0.00803	0.00932	0.00450	0.01221	0.00707	0.01864	0.00578	0.00675	0.00450	0.00386	0.00257	0.00129	0.00321	0.00225	0.00257	0.00450
15	0.00980	0.01120	0.02451	0.01751	0.02171	0.01050	0.81303	0.01331	0.00980	0.01331	0.00840	0.01120	0.00630	0.00350	0.00490	0.00140	0.00700	0.00490	0.00210	0.00560
16	0.01244	0.01468	0.01223	0.01080	0.01192	0.44314	0.00853	0.01344	0.00918	0.01008	0.00596	0.00825	0.00540	0.00571	0.00847	0.00143	0.40853	0.00313	0.00199	0.00469
17	0.00588	0.00425	0.00555	0.00523	0.00621	0.00392	0.00392	0.00784	0.01176	0.01666	0.82592	0.03103	0.03919	0.00849	0.00490	0.00131	0.00196	0.00751	0.00457	0.00392
18	0.01552	0.01980	0.01177	0.01070	0.01284	0.83735	0.00803	0.01659	0.01177	0.01017	0.00642	0.00749	0.00535	0.00428	0.00375	0.00107	0.00749	0.00268	0.00214	0.00482
19	0.01028	0.00987	0.01686	0.02550	0.82811	0.00987	0.01275	0.01275	0.00946	0.01357	0.00781	0.01028	0.00658	0.00370	0.00411	0.00123	0.00493	0.00370	0.00206	0.00658
20	0.00624	0.00438	0.00571	0.00533	0.00638	0.00407	0.00401	0.00835	0.02439	0.03556	0.79451	0.03039	0.03811	0.00837	0.00487	0.00131	0.00202	0.00739	0.00458	0.00403
21	0.01557	0.01827	0.01190	0.01049	0.01285	0.68314	0.00800	0.16578	0.01322	0.01316	0.00708	0.00795	0.00567	0.00441	0.00382	0.00110	0.00694	0.00287	0.00252	0.00524
22	0.01247	0.00998	0.01059	0.00889	0.01162	0.01133	0.00709	0.33207	0.50713	0.02082	0.01419	0.01334	0.01048	0.00538	0.00420	0.00135	0.00379	0.00432	0.00420	0.00677
23	0.01028	0.00987	0.01686	0.02550	0.82811	0.00987	0.01275	0.01275	0.00946	0.01357	0.00781	0.01028	0.00658	0.00370	0.00411	0.00123	0.00493	0.00370	0.00206	0.00658
24	0.01817	0.00705	0.00955	0.00737	0.01052	0.00616	0.00607	0.02003	0.03097	0.79478	0.03331	0.01452	0.01094	0.00522	0.00419	0.00129	0.00350	0.00426	0.00511	0.00699
25	0.00830	0.02116	0.81622	0.01176	0.01779	0.00955	0.01518	0.01306	0.00879	0.01314	0.00774	0.00952	0.00563	0.00409	0.00398	0.00133	0.00609	0.01879	0.00179	0.00609
26	0.00605	0.00430	0.00553	0.00519	0.00624	0.00393	0.00390	0.00793	0.01159	0.03156	0.75115	0.03139	0.09845	0.00858	0.00489	0.00131	0.00200	0.00754	0.00453	0.00395
27	0.00784	0.00738	0.01246	0.84404	0.02861	0.00923	0.01154	0.01061	0.00831	0.01061	0.00738	0.01107	0.00554	0.00415	0.00415	0.00138	0.00554	0.00369	0.00185	0.00461
28	0.00604	0.00403	0.00453	0.00453	0.00453	0.00403	0.00252	0.00604	0.00604	0.00805	0.01309	0.02718	0.01510	0.85402	0.02114	0.00403	0.00403	0.00604	0.00252	0.00252
29	0.00925	0.00936	0.01270	0.01090	0.01095	0.03336	0.00906	0.01016	0.00650	0.01000	0.00548	0.00905	0.00545	0.00720	0.01338	0.00180	0.82542	0.00361	0.00183	0.00455
30	0.00539	0.00390	0.00510	0.00550	0.00609	0.00360	0.00386	0.00664	0.00958	0.01313	0.35555	0.48397	0.06011	0.01106	0.00512	0.00152	0.00221	0.00993	0.00415	0.00360
31	0.01379	0.00829	0.02553	0.01014	0.01295	0.00796	0.19244	0.03083	0.02626	0.42119	0.01325	0.06677	0.00982	0.00640	0.03404	0.00159	0.10417	0.00477	0.00378	0.00606
32	0.01210	0.00980	0.01039	0.00881	0.01147	0.01116	0.00700	0.27844	0.56136	0.02022	0.01466	0.01371	0.01086	0.00543	0.00420	0.00136	0.00370	0.00439	0.00420	0.00673
33	0.01864	0.00707	0.00964	0.00739	0.01060	0.00611	0.00611	0.02024	0.01189	0.83099	0.01639	0.01414	0.01028	0.00514	0.00418	0.00129	0.00353	0.00418	0.00514	0.00707
34	0.01095	0.71492	0.12420	0.00783	0.01168	0.03127	0.00819	0.03121	0.00880	0.01059	0.00610	0.00702	0.00536	0.00365	0.00288	0.00095	0.00472	0.00237	0.00184	0.00546
35	0.00722	0.00361	0.00541	0.00541	0.00541	0.00361	0.00361	0.00541	0.00541	0.00722	0.00722	0.01263	0.00722	0.01443	0.01623	0.87915	0.00361	0.00361	0.00180	0.00180
36	0.00492	0.00417	0.00425	0.00431	0.00564	0.00350	0.00320	0.00595	0.00937	0.01118	0.04090	0.09003	0.77714	0.01067	0.00493	0.00142	0.00212	0.00895	0.00386	0.00350
37	0.01145	0.00765	0.01891	0.00675	0.01026	0.00617	0.00551	0.03075	0.05709	0.22501	0.01032	0.01047	0.00761	0.00381	0.00346	0.00086	0.00328	0.00307	0.00328	0.57430
38	0.00872	0.05867	0.76207	0.01150	0.01735	0.00992	0.01464	0.01324	0.00879	0.03282	0.00756	0.00881	0.00539	0.00401	0.00406	0.00130	0.02013	0.00307	0.00184	0.00610
39	0.01024	0.41488	0.15390	0.00775	0.01171	0.01175	0.00787	0.02479	0.04122	0.03706	0.00732	0.00817	0.00601	0.00364	0.00312	0.00093	0.00429	0.00261	0.00219	0.24053
40	0.00639	0.00441	0.00572	0.00539	0.00644	0.00409	0.00404	0.00844	0.02736	0.04716	0.72238	0.07605	0.04906	0.00859	0.00488	0.00133	0.00207	0.00759	0.00454	0.00405
41	0.00806	0.00764	0.01303	0.76783	0.08577	0.00930	0.02863	0.01082	0.00842	0.01088	0.00744	0.01102	0.00563	0.00411	0.00417	0.00137	0.00553	0.00372	0.00187	0.00478
42	0.02283	0.01193	0.04350	0.05117	0.03297	0.07492	0.58836	0.08243	0.02347	0.01419	0.00840	0.01073	0.00631	0.00377	0.00463	0.00135	0.00660	0.00447	0.00230	0.00565
43	0.01013	0.01132	0.10952	0.03118	0.64602	0.02535	0.04458	0.02856	0.00967	0.01373	0.02564	0.01055	0.00710	0.00387	0.00414	0.00125	0.00514	0.00374	0.00212	0.00639
44	0.00542	0.00435	0.00493	0.00520	0.00644	0.00386	0.00414	0.00672	0.00953	0.01170	0.06058	0.06125	0.56814	0.01077	0.00514	0.00154	0.00257	0.22027	0.00387	0.00360
45	0.01186	0.00583	0.00736	0.00640	0.00839	0.00530	0.00496	0.05031	0.02821	0.37973	0.03532	0.18247	0.16146	0.06686	0.00575	0.00159	0.00312	0.02544	0.00437	0.00526
46	0.02163	0.00821	0.17756	0.00700	0.00910	0.00557	0.00651	0.05387	0.01006	0.04479	0.23148	0.28500	0.10529	0.00879	0.00472	0.00143	0.00321	0.00765	0.00365	0.00447
47	0.00900	0.00875	0.03744	0.07276	0.30848	0.02122	0.10311	0.01268	0.11899	0.01336	0.01298	0.07380	0.01221	0.00621	0.00463	0.00146	0.00467	0.16990	0.00282	0.00551
48	0.01129	0.01279	0.01237	0.01068	0.01190	0.32988	0.06759	0.01251	0.00879	0.01039	0.00684	0.00971	0.00618	0.02545	0.06825	0.00187	0.35913	0.00347	0.02629	0.00461
49	0.00987	0.00979	0.03344	0.14412	0.64876	0.00980	0.04445	0.01262	0.02271	0.01318	0.00792	0.01049	0.00649	0.00380	0.00415	0.00127	0.00510	0.00375	0.00206	0.00624
50	0.01462	0.01767	0.01176	0.01099	0.04425	0.66419	0.00807	0.04873	0.10066	0.01172	0.00775	0.00861	0.00627	0.00450	0.00404	0.00114	0.02445	0.00300	0.00244	0.00516
51	0.00898	0.00855	0.01445	0.45362	0.38913	0.00961	0.01202	0.01156	0.00878	0.01193	0.00753	0.01067	0.00601	0.00403	0.00437	0.00133	0.02631	0.00369	0.00194	0.00550
52	0.00501	0.00423	0.00435	0.00438	0.00575	0.00357	0.00332	0.00613	0.00955	0.01146	0.06835	0.03994	0.76736	0.01049	0.00494	0.00142	0.00217	0.04016	0.00388	0.00353
53	0.01531	0.01860	0.01172	0.01050	0.01275	0.72877	0.00795	0.08600	0.04871	0.01188	0.00720	0.00806	0.00583	0.00440	0.00380	0.00110	0.00705	0.00286	0.00241	0.00509
54	0.00949	0.00907	0.01544	0.28997	0.56978	0.00966	0.01236	0.01206	0.00909	0.01261	0.00767	0.01054	0.00624	0.00385	0.00413	0.00128	0.00513	0.00370	0.00199	0.00594
55	0.01591	0.03771	0.01900	0.00783	0.01079	0.00822	0.00647	0.25402	0.01359	0.45934	0.02850	0.07003	0.01086	0.02030	0.00448	0.00133	0.00378	0.00457	0.01670	0.00657
56	0.88336	0.00803	0.00611	0.00546	0.00803	0.00932	0.00450	0.01221	0.00707	0.01864	0.00578	0.00675	0.00450	0.00386	0.00257	0.00129	0.00321	0.00225	0.00257	0.00450
57	0.00843	0.04285	0.79393	0.01184	0.01787	0.00984	0.03252	0.01314	0.00878	0.01307	0.00743	0.00877	0.00529	0.00393	0.00393	0.00131	0.00611	0.00309	0.00176	0.00611
58	0.00506	0.00361	0.00482	0.00578	0.00602	0.00337	0.00386	0.00578	0.00795	0.01060	0.02289	0.85131	0.02747	0.01301	0.00530	0.00169	0.00241	0.01181	0.00386	0.00337
59	0.00518	0.00413	0.00467	0.02129	0.00618	0.00368	0.00356	0.00618	0.00896	0.01116	0.07794	0.23065	0.50023	0.07307	0.00620	0.00167	0.00241	0.02565	0.00376	0.00345
60	0.00563	0.00412	0.00529	0.00524	0.00612	0.00378	0.00384	0.00727	0.01082	0.01500	0.60049	0.18882	0.10902	0.00954	0.00498	0.00139	0.00206	0.00845	0.00437	0.00378
61	0.01071	0.00960	0.00975	0.05523	0.01186	0.07193	0.00692	0.06868	0.62837	0.01696	0.05273	0.01504	0.01262	0.00554	0.00421	0.00137	0.00374	0.00456	0.00395	0.00624
62	0.01579	0.01163	0.01247	0.00956	0.01288	0.01288	0.00789	0.81426	0.01953	0.02618	0.00997	0.00997	0.00706	0.00499	0.00416	0.00125	0.00457	0.00374	0.00416	0.00706
63	0.00846	0.05193	0.78691	0.01178	0.01778	0.00991	0.03067	0.01313	0.00878	0.01303	0.00741	0.00874	0.00528	0.00392	0.00392	0.00130	0.00609	0.00307	0.00176	0.00610
64	0.00886	0.00707	0.05589	0.03090	0.00986	0.00634	0.06514	0.12399	0.02501	0.07852	0.23266	0.12957	0.08473	0.00737	0.00451	0.00134	0.00330	0.02478	0.09532	0.00481
65	0.01579	0.01163	0.01247	0.00956	0.01288	0.01288	0.00789	0.81426	0.01953	0.02618	0.00997	0.00997	0.00706	0.00499	0.00416	0.00125	0.00457	0.00374	0.00416	0.00706
66	0.00784	0.00738	0.01246	0.84404	0.02861	0.00923	0.01154	0.01061	0.00831	0.01061	0.00738	0.01107	0.00554	0.00415	0.00415	0.00138	0.00554	0.00369	0.00185	0.00461
67	0.01021	0.00773	0.00918	0.00795	0.00979	0.02438	0.00637	0.34279	0.01211	0.01652	0.01056	0.01351	0.00891	0.01977	0.47530	0.00431	0.00833	0.00412	0.00303	0.00512
68	0.00980	0.01120	0.02451	0.01751	0.02171	0.01050	0.81303	0.01331	0.00980	0.01331	0.00840	0.01120	0.00630	0.00350	0.00490	0.00140	0.00700	0.00490	0.00210	0.00560
69	0.00769	0.00694	0.01155	0.04336	0.02687	0.01704	0.19982	0.00946	0.00846	0.01133	0.01423	0.07339	0.01491	0.17658	0.00930	0.00214	0.09368	0.26630	0.00281	0.00413
70	0.00813	0.00808	0.03584	0.72724	0.10563	0.00932	0.02575	0.01094	0.00846	0.01102	0.00744	0.01094	0.00564	0.00409	0.00416	0.00137	0.00552	0.00370	0.00187	0.00486
71	0.01552	0.01980	0.01177	0.01070	0.01284	0.83735	0.00803	0.01659	0.01177	0.01017	0.00642	0.00749	0.00535	0.00428	0.00375	0.00107	0.00749	0.00268	0.00214	0.00482
72	0.00518	0.00374	0.00504	0.02745	0.00661	0.00356	0.00407	0.00596	0.00794	0.01057	0.02225	0.79775	0.02656	0.03261	0.00565	0.00174	0.00255	0.02361	0.00377	0.00339
73	0.02942	0.04377	0.05874	0.00861	0.01190	0.05808	0.03927	0.18158	0.02285	0.45533	0.02541	0.02621	0.00934	0.00503	0.00411	0.00126	0.00426	0.00404	0.00423	0.00660
74	0.01037	0.64559	0.11011	0.00749	0.01107	0.03573	0.00768	0.02144	0.00886	0.01065	0.03144	0.01007	0.06640	0.00428	0.00308	0.00099	0.00447	0.00297	0.00204	0.00525
75	0.00774	0.00387	0.00387	0.00387	0.00484	0.00387	0.00290	0.00968	0.00871	0.01549	0.01355	0.01549	0.01065	0.00484	0.00290	0.00097	0.00194	0.00387	0.87708	0.00387
76	0.00507	0.00377	0.00473	0.00542	0.00595	0.00343	0.00371	0.00593	0.00848	0.01106	0.06990	0.63464	0.19829	0.01224	0.00520	0.00161	0.00232	0.01093	0.00389	0.00343
77	0.00963	0.01245	0.14318	0.02777	0.02074	0.01014	0.65326	0.01323	0.00963	0.02847	0.00868	0.02704	0.00662	0.00379	0.00474	0.00139	0.00670	0.00473	0.00214	0.00565
78	0.01022	0.00981	0.01675	0.04598	0.80810	0.00985	0.01272	0.01269	0.00943	0.01350	0.00780	0.01030	0.00655	0.00371	0.00411	0.00124	0.00495	0.00370	0.00205	0.00653
79	0.00496	0.00417	0.00430	0.00434	0.00566	0.00351	0.00323	0.00602	0.00946	0.01139	0.07086	0.08827	0.74847	0.01059	0.00493	0.00142	0.00212	0.00890	0.00388	0.00351
80	0.02178	0.00884	0.01233	0.49102	0.02186	0.01036	0.02388	0.25658	0.06308	0.03646	0.00900	0.01104	0.00657	0.00451	0.00415	0.00134	0.00505	0.00378	0.00280	0.00556
81	0.01284	0.41510	0.07616	0.00794	0.01130	0.04276	0.00749	0.06947	0.06082	0.19795	0.03396	0.01011	0.00805	0.00444	0.00367	0.00111	0.02480	0.00319	0.00295	0.00590
82	0.00579	0.00442	0.00548	0.00603	0.00708	0.00410	0.00492	0.00724	0.00940	0.01185	0.04904	0.12975	0.34342	0.01119	0.00534	0.00167	0.00295	0.38282	0.00386	0.00365
83	0.00510	0.00422	0.00447	0.00441	0.00573	0.00359	0.00330	0.00633	0.00991	0.01228	0.19435	0.03824	0.67350	0.01013	0.00491	0.00138	0.00208	0.00852	0.00400	0.00359
84	0.01535	0.00809	0.01052	0.00873	0.03601	0.00795	0.03870	0.10713	0.18716	0.47369	0.02938	0.03567	0.01112	0.00538	0.00425	0.00132	0.00372	0.00451	0.00458	0.00674
85	0.00867	0.04297	0.69667	0.01220	0.05016	0.00981	0.04411	0.03057	0.02004	0.01351	0.02880	0.00955	0.00637	0.00407	0.00399	0.00130	0.00589	0.00329	0.00194	0.00608
86	0.01858	0.00716	0.00970	0.00744	0.01065	0.00625	0.00614	0.03694	0.01205	0.81406	0.01625	0.01405	0.01021	0.00514	0.00418	0.00128	0.00356	0.00417	0.00512	0.00707
87	0.01396	0.01133	0.04426	0.00931	0.01243	0.02727	0.00782	0.57140	0.18174	0.02296	0.01204	0.01248	0.02098	0.00533	0.00421	0.00130	0.00437	0.02606	0.00402	0.00674
88	0.00908	0.01342	0.27422	0.07232	0.09056	0.00952	0.36171	0.01264	0.00928	0.02712	0.02405	0.03917	0.00745	0.00482	0.02472	0.00149	0.00624	0.00440	0.00213	0.00566
89	0.00956	0.00933	0.02739	0.10485	0.42493	0.02569	0.06972	0.01321	0.11339	0.01363	0.03515	0.02890	0.02614	0.00451	0.00419	0.00126	0.00467	0.01257	0.00251	0.06842
90	0.00965	0.00803	0.04179	0.00690	0.02525	0.00595	0.00564	0.02421	0.00910	0.08785	0.00825	0.00917	0.00651	0.00334	0.00325	0.00073	0.00330	0.00268	0.00270	0.73570
91	0.00987	0.00946	0.03996	0.09534	0.31205	0.00976	0.07490	0.02495	0.03262	0.04539	0.00794	0.01029	0.00650	0.00482	0.01487	0.00137	0.17899	0.00367	0.00225	0.11499
92	0.00821	0.01614	0.54742	0.01061	0.01527	0.00825	0.07256	0.01214	0.00960	0.04002	0.18136	0.01489	0.01320	0.00512	0.00428	0.00134	0.00517	0.02629	0.00254	0.00559
93	0.00886	0.00714	0.00916	0.00711	0.03105	0.00567	0.04256	0.01081	0.00934	0.05980	0.13049	0.01244	0.01135	0.00404	0.00352	0.00081	0.00317	0.00346	0.00290	0.63632
94	0.01390	0.01060	0.01130	0.00907	0.01203	0.01186	0.00736	0.54985	0.26559	0.02319	0.01220	0.01181	0.00888	0.00518	0.00414	0.00129	0.00411	0.00404	0.02674	0.00683
95	0.01156	0.02494	0.15137	0.05796	0.39726	0.00875	0.01098	0.01419	0.00974	0.19348	0.00956	0.01073	0.00707	0.00403	0.00400	0.00121	0.00471	0.00358	0.00270	0.07217
96	0.00837	0.05408	0.78391	0.01150	0.01744	0.00979	0.01478	0.01298	0.00877	0.01298	0.00808	0.00931	0.02173	0.00406	0.00392	0.00130	0.00599	0.00315	0.00180	0.00605
97	0.01120	0.66310	0.03292	0.00761	0.01093	0.06383	0.00722	0.01417	0.13320	0.01102	0.00755	0.00810	0.00646	0.00392	0.00299	0.00099	0.00447	0.00264	0.00217	0.00550
98	0.02246	0.00630	0.00815	0.00719	0.03223	0.00590	0.03733	0.07311	0.04642	0.26452	0.13451	0.08795	0.24137	0.00759	0.00457	0.00136	0.00308	0.00648	0.00425	0.00523
99	0.01277	0.03402	0.17396	0.02849	0.03857	0.00789	0.15457	0.01558	0.02339	0.35423	0.09370	0.01414	0.01944	0.00490	0.00430	0.00131	0.00461	0.00440	0.00358	0.00614
100	0.00567	0.00440	0.00639	0.00716	0.04237	0.00412	0.04165	0.00679	0.00860	0.01150	0.08750	0.61036	0.07370	0.01156	0.00520	0.00162	0.00277	0.06120	0.00375	0.00370
101	0.00764	0.00686	0.01153	0.41894	0.06297	0.00784	0.08204	0.00947	0.00811	0.01066	0.01151	0.11001	0.05849	0.00695	0.00635	0.10156	0.05373	0.01880	0.00226	0.00426
102	0.01099	0.00758	0.02486	0.32192	0.16200	0.00773	0.00908	0.01335	0.02529	0.24268	0.01477	0.01566	0.11570	0.00522	0.00425	0.00133	0.00438	0.00451	0.00312	0.00557
103	0.02943	0.02126	0.06127	0.00882	0.05944	0.04019	0.03937	0.07677	0.04142	0.27588	0.03357	0.07369	0.14766	0.01801	0.00479	0.00139	0.01925	0.03836	0.00383	0.00560

[dist]
# distance from previous block
# <min> <max>
0	7

[block]
# block no. 1 follows, 64 sequences, length 28
# corresponding to MSA columns:
# 270-297
name=unknown_B
#
# <colnr> <probs for GDERKNQSTAVLIFYWHMCP>
#	G	D	E	R	K	N	Q	S	T	A	V	L	I	F	Y	W	H	M	C	P
0	0.00784	0.00738	0.01246	0.84404	0.02861	0.00923	0.01154	0.01061	0.00831	0.01061	0.00738	0.01107	0.00554	0.00415	0.00415	0.00138	0.00554	0.00369	0.00185	0.00461
1	0.00675	0.00567	0.00845	0.01131	0.24948	0.00542	0.00641	0.00828	0.00935	0.01277	0.18132	0.33367	0.12672	0.00903	0.00482	0.00144	0.00303	0.00816	0.00347	0.00445
2	0.00914	0.03952	0.44611	0.01228	0.04789	0.02541	0.07090	0.01239	0.00826	0.02735	0.00705	0.00912	0.00554	0.00491	0.00686	0.00145	0.25494	0.00339	0.00188	0.00562
3	0.01030	0.01449	0.25673	0.07802	0.34320	0.13750	0.01221	0.03064	0.02378	0.01298	0.01640	0.00991	0.00648	0.00467	0.02405	0.00138	0.00581	0.00343	0.00208	0.00595
4	0.03486	0.00791	0.01034	0.25516	0.02887	0.00886	0.00839	0.26642	0.01228	0.02994	0.01347	0.02164	0.03545	0.00681	0.00473	0.01257	0.00451	0.22934	0.00328	0.00517
5	0.27201	0.04110	0.01110	0.00976	0.03508	0.50699	0.04259	0.01491	0.01012	0.01290	0.00634	0.00749	0.00517	0.00408	0.00343	0.00115	0.00604	0.00266	0.00225	0.00482
6	0.00898	0.00893	0.03803	0.28218	0.43563	0.00920	0.04294	0.01147	0.00890	0.01229	0.00890	0.08052	0.00792	0.00469	0.00444	0.00134	0.02152	0.00440	0.00213	0.00560
7	0.01171	0.05228	0.50980	0.01002	0.01497	0.00864	0.01170	0.01527	0.00984	0.27726	0.03209	0.01101	0.00779	0.00444	0.00399	0.00129	0.00511	0.00351	0.00292	0.00635
8	0.00799	0.01156	0.25533	0.59757	0.02546	0.00935	0.01266	0.01137	0.00844	0.01137	0.00740	0.01039	0.00546	0.00409	0.00409	0.00136	0.00572	0.00351	0.00182	0.00507
9	0.00685	0.00620	0.07568	0.00748	0.04167	0.00516	0.00562	0.00939	0.10841	0.05095	0.02024	0.58962	0.03520	0.01054	0.00495	0.00158	0.00298	0.00945	0.00371	0.00431
10	0.00932	0.00989	0.06636	0.33883	0.43061	0.02774	0.03368	0.01205	0.00903	0.01233	0.00761	0.01045	0.00606	0.00390	0.00413	0.00130	0.00535	0.00367	0.00196	0.00573
11	0.01016	0.01337	0.23142	0.03052	0.06413	0.00985	0.48077	0.01377	0.00967	0.08197	0.00878	0.01077	0.00637	0.00378	0.00454	0.00136	0.00635	0.00428	0.00226	0.00590
12	0.01153	0.07288	0.01614	0.02076	0.58650	0.12602	0.01127	0.08064	0.01055	0.01388	0.00765	0.00960	0.00636	0.00388	0.00396	0.00119	0.00522	0.00345	0.00222	0.00628
13	0.00999	0.00942	0.01559	0.20463	0.48189	0.00996	0.06982	0.05364	0.07793	0.01385	0.00863	0.01095	0.00687	0.00401	0.00419	0.00129	0.00506	0.00387	0.00230	0.00610
14	0.00582	0.00422	0.00483	0.00504	0.00594	0.00383	0.00363	0.00669	0.00853	0.03595	0.02929	0.17337	0.39394	0.19945	0.00868	0.00209	0.00283	0.09888	0.00359	0.00341
15	0.00989	0.00978	0.02343	0.13658	0.01367	0.13836	0.07272	0.03423	0.02222	0.02100	0.00860	0.03594	0.00734	0.00559	0.00707	0.00141	0.28183	0.00390	0.16174	0.00468
16	0.01411	0.07157	0.01214	0.00872	0.01167	0.01141	0.00727	0.50107	0.01537	0.09816	0.00984	0.01021	0.00720	0.00493	0.00474	0.00121	0.07905	0.00356	0.04788	0.07989
17	0.01365	0.02705	0.01263	0.01342	0.25318	0.04049	0.03142	0.11768	0.09680	0.28154	0.05984	0.01311	0.01032	0.00483	0.00418	0.00127	0.00423	0.00415	0.00370	0.00652
18	0.00836	0.14708	0.00919	0.00663	0.00842	0.11674	0.00522	0.01135	0.15268	0.01213	0.06777	0.16915	0.25361	0.00802	0.00434	0.00132	0.00345	0.00664	0.00339	0.00452
19	0.00990	0.00948	0.01617	0.15374	0.70285	0.00977	0.01256	0.01241	0.00928	0.01311	0.00775	0.01040	0.00642	0.00377	0.00412	0.00126	0.00503	0.00370	0.00202	0.00627
20	0.01015	0.01042	0.02721	0.07217	0.05211	0.02004	0.52174	0.03663	0.09825	0.04494	0.00988	0.03563	0.00769	0.00428	0.00493	0.00140	0.02951	0.00481	0.00253	0.00568
21	0.05591	0.04101	0.25507	0.00987	0.01392	0.04111	0.00980	0.42574	0.03835	0.05578	0.00925	0.00961	0.00659	0.00458	0.00396	0.00126	0.00499	0.00343	0.00326	0.00651
22	0.19421	0.00788	0.01111	0.59603	0.02292	0.00955	0.00974	0.07851	0.00899	0.01362	0.00726	0.01006	0.00545	0.00416	0.00382	0.00135	0.00496	0.00339	0.00219	0.00480
23	0.18741	0.00815	0.01240	0.51184	0.08006	0.00956	0.07154	0.03702	0.00858	0.01316	0.00722	0.01008	0.00551	0.00408	0.00402	0.00136	0.01754	0.00349	0.00210	0.00488
24	0.00755	0.00493	0.00673	0.00611	0.00731	0.00490	0.02351	0.00934	0.01019	0.08982	0.43128	0.05902	0.02571	0.01071	0.11479	0.00201	0.04621	0.01682	0.10331	0.01973
25	0.30729	0.41032	0.07541	0.00711	0.01040	0.03763	0.00682	0.05003	0.02717	0.01406	0.00648	0.00736	0.00537	0.00384	0.00287	0.00109	0.00419	0.00246	0.01493	0.00518
26	0.00580	0.00408	0.00519	0.02907	0.00636	0.00402	0.00385	0.00652	0.00764	0.01022	0.07911	0.32724	0.02217	0.36266	0.01189	0.00265	0.00330	0.10179	0.00329	0.00315
27	0.01126	0.60590	0.01999	0.01140	0.19357	0.01471	0.00843	0.07073	0.00947	0.01181	0.00654	0.00771	0.00574	0.00369	0.00310	0.00099	0.00456	0.00266	0.00201	0.00574

[dist]
# distance from previous block
# <min> <max>
0	49

# created by:
# /st0/software/busco_prod/Augustus/scripts/msa2prfl.pl ./align_prep/406935.fa
