[name]
unknown

[dist]
# distance from previous block
# <min> <max>
0	51

[block]
# block no. 0 follows, 63 sequences, length 24
# corresponding to MSA columns:
# 59-82
name=unknown_A
#
# <colnr> <probs for GDERKNQSTAVLIFYWHMCP>
#	G	D	E	R	K	N	Q	S	T	A	V	L	I	F	Y	W	H	M	C	P
0	0.11827	0.04933	0.12747	0.01887	0.15022	0.02954	0.00906	0.19989	0.08786	0.08418	0.01016	0.01162	0.00784	0.00543	0.00479	0.05202	0.00465	0.01941	0.00319	0.00622
1	0.04617	0.18371	0.14284	0.01176	0.14015	0.01044	0.09375	0.06178	0.05821	0.03053	0.05707	0.01128	0.00878	0.00456	0.01191	0.00123	0.00466	0.00365	0.05770	0.05983
2	0.01176	0.46349	0.01604	0.05664	0.01132	0.02617	0.00676	0.05109	0.00957	0.13921	0.01034	0.01097	0.05818	0.00504	0.00411	0.05343	0.00420	0.00324	0.00263	0.05581
3	0.00842	0.00514	0.00680	0.00662	0.00782	0.00493	0.00509	0.00969	0.00931	0.15764	0.09308	0.31447	0.05705	0.05018	0.00632	0.00168	0.05294	0.14409	0.00393	0.05480
4	0.00871	0.00566	0.00613	0.00568	0.00659	0.05376	0.00378	0.00925	0.00781	0.13755	0.01433	0.13291	0.01503	0.50346	0.01436	0.00293	0.00393	0.00617	0.00312	0.05884
5	0.03213	0.49775	0.02970	0.05681	0.01144	0.01323	0.00705	0.13696	0.01045	0.01360	0.05522	0.04986	0.00904	0.00470	0.00331	0.00107	0.00418	0.00347	0.05468	0.00535
6	0.05434	0.02323	0.02617	0.13960	0.01494	0.00898	0.10578	0.17164	0.06152	0.16098	0.06405	0.01262	0.00965	0.00470	0.00410	0.00124	0.00437	0.00405	0.02021	0.10782
7	0.05884	0.00622	0.04622	0.00643	0.00849	0.00513	0.05575	0.00880	0.00959	0.05976	0.04937	0.03256	0.44385	0.00881	0.00476	0.00143	0.00312	0.13085	0.00362	0.05639
8	0.04799	0.00469	0.00577	0.00574	0.00662	0.00462	0.00418	0.00760	0.00918	0.01337	0.26334	0.33581	0.06832	0.03987	0.00588	0.00154	0.05238	0.00823	0.05888	0.05598
9	0.06156	0.00744	0.00814	0.00776	0.00953	0.05914	0.00635	0.13649	0.05788	0.06389	0.02886	0.11440	0.01724	0.02733	0.00521	0.00162	0.00393	0.33287	0.00376	0.04660
10	0.01519	0.00894	0.05902	0.00929	0.06278	0.00811	0.00736	0.13032	0.13887	0.44179	0.01505	0.06164	0.01080	0.00556	0.00428	0.00134	0.00387	0.00460	0.00444	0.00677
11	0.01019	0.31851	0.17084	0.00802	0.01178	0.01092	0.00802	0.01359	0.10807	0.06126	0.00953	0.05782	0.00806	0.00448	0.00347	0.00106	0.00422	0.00345	0.00256	0.18414
12	0.01111	0.14785	0.24778	0.01097	0.06945	0.03282	0.03957	0.22236	0.03355	0.02513	0.01019	0.06193	0.00874	0.00527	0.00409	0.00130	0.00503	0.05405	0.00282	0.00601
13	0.06156	0.00812	0.01141	0.48174	0.04749	0.00952	0.00961	0.14871	0.06163	0.01458	0.01119	0.01444	0.05452	0.00514	0.00423	0.00139	0.00485	0.04201	0.00269	0.00518
14	0.00628	0.00407	0.00504	0.00504	0.00514	0.00418	0.00311	0.00621	0.00611	0.00825	0.01203	0.02362	0.01335	0.60323	0.13750	0.14131	0.00504	0.00550	0.00239	0.00261
15	0.00905	0.00917	0.01458	0.14092	0.01546	0.01182	0.13507	0.01069	0.00730	0.01073	0.00641	0.00999	0.00577	0.00676	0.02763	0.00181	0.56629	0.00391	0.00190	0.00476
16	0.55055	0.09619	0.01665	0.13686	0.01165	0.02379	0.00603	0.01171	0.00789	0.01598	0.04155	0.02300	0.03525	0.00450	0.00312	0.00128	0.00375	0.00312	0.00254	0.00460
17	0.00894	0.08242	0.60210	0.01276	0.03031	0.01051	0.14702	0.01320	0.00897	0.01300	0.00753	0.00916	0.00553	0.00397	0.00431	0.00132	0.02771	0.00337	0.00184	0.00603
18	0.70818	0.14072	0.00882	0.00587	0.00866	0.01042	0.00504	0.01275	0.00758	0.05254	0.00632	0.00714	0.00494	0.00391	0.00269	0.00124	0.00346	0.00236	0.00259	0.00480
19	0.00603	0.00442	0.00634	0.00634	0.00694	0.00503	0.00473	0.00724	0.00663	0.00945	0.01164	0.01864	0.01143	0.19033	0.67807	0.00624	0.00987	0.00482	0.00231	0.00352
20	0.00874	0.03122	0.06358	0.22137	0.02795	0.00950	0.32931	0.01156	0.00906	0.01218	0.01020	0.02629	0.00909	0.00554	0.00561	0.01198	0.07089	0.12862	0.00230	0.00502
21	0.00816	0.04272	0.65840	0.01094	0.01621	0.00907	0.03283	0.01245	0.00936	0.01377	0.13539	0.01240	0.01073	0.00469	0.00413	0.00132	0.00552	0.00383	0.00223	0.00582
22	0.74543	0.00842	0.00788	0.00870	0.13625	0.00952	0.00586	0.01244	0.00753	0.01806	0.00618	0.00739	0.00488	0.00388	0.00285	0.00129	0.00352	0.00251	0.00252	0.00488
23	0.00806	0.00475	0.00639	0.00603	0.00688	0.00494	0.00435	0.00900	0.00733	0.13746	0.01286	0.02043	0.01234	0.34511	0.39019	0.00486	0.00728	0.00508	0.00283	0.00382

[dist]
# distance from previous block
# <min> <max>
0	2

[block]
# block no. 1 follows, 63 sequences, length 45
# corresponding to MSA columns:
# 85-129
name=unknown_B
#
# <colnr> <probs for GDERKNQSTAVLIFYWHMCP>
#	G	D	E	R	K	N	Q	S	T	A	V	L	I	F	Y	W	H	M	C	P
0	0.78852	0.00823	0.00654	0.00585	0.00843	0.00954	0.00478	0.01343	0.09413	0.01872	0.00706	0.00778	0.00544	0.00410	0.00278	0.00131	0.00326	0.00254	0.00278	0.00478
1	0.03595	0.01012	0.01123	0.10791	0.04933	0.04827	0.00786	0.35477	0.20266	0.04697	0.04872	0.01332	0.03342	0.00531	0.00421	0.00132	0.00433	0.00425	0.00376	0.00630
2	0.02261	0.00990	0.01389	0.22786	0.10442	0.04709	0.08718	0.20344	0.01113	0.01516	0.00802	0.01046	0.00634	0.00549	0.02320	0.00152	0.17060	0.00381	0.02234	0.00553
3	0.00967	0.00666	0.01088	0.12266	0.02770	0.00652	0.14407	0.03278	0.00999	0.17904	0.09267	0.23883	0.03747	0.02679	0.00518	0.00153	0.00404	0.03497	0.00360	0.00494
4	0.78813	0.00778	0.00624	0.00577	0.00819	0.00894	0.00479	0.01197	0.00742	0.01819	0.00761	0.01118	0.00666	0.00473	0.00295	0.00137	0.00332	0.08756	0.00274	0.00448
5	0.00632	0.00542	0.05701	0.02065	0.00767	0.00442	0.00500	0.00798	0.02838	0.04234	0.19197	0.35532	0.15642	0.01053	0.00532	0.02129	0.00277	0.06335	0.00389	0.00396
6	0.00882	0.00759	0.02196	0.02609	0.10649	0.00754	0.09898	0.05710	0.12694	0.05888	0.08868	0.03218	0.25530	0.00720	0.00514	0.00142	0.04578	0.03523	0.00351	0.00516
7	0.00910	0.12853	0.69247	0.01132	0.01703	0.04525	0.01415	0.01337	0.00896	0.01275	0.00728	0.00855	0.00534	0.00396	0.00382	0.00127	0.00605	0.00298	0.00179	0.00605
8	0.78806	0.00770	0.00601	0.00543	0.00775	0.00886	0.00434	0.01169	0.00704	0.01771	0.00665	0.00905	0.00570	0.09485	0.00462	0.00160	0.00334	0.00269	0.00260	0.00434
9	0.00801	0.00730	0.01217	0.65920	0.09495	0.00876	0.01103	0.01056	0.00856	0.01110	0.00909	0.01506	0.00773	0.00524	0.00471	0.02555	0.00531	0.08886	0.00210	0.00468
10	0.01002	0.01027	0.01513	0.35589	0.04733	0.11615	0.20509	0.02514	0.00980	0.01234	0.01043	0.10184	0.02005	0.00566	0.00509	0.00153	0.03543	0.00507	0.00249	0.00524
11	0.00762	0.00676	0.00951	0.00857	0.00896	0.00880	0.00692	0.00886	0.00719	0.01082	0.09567	0.01478	0.01131	0.03835	0.29684	0.00352	0.41989	0.00446	0.02700	0.00416
12	0.78912	0.00852	0.00687	0.00597	0.00866	0.00982	0.00492	0.09809	0.00851	0.01968	0.00631	0.00718	0.00483	0.00402	0.00277	0.00130	0.00340	0.00244	0.00277	0.00483
13	0.03019	0.00691	0.00859	0.04968	0.01048	0.00688	0.00601	0.08046	0.13605	0.33043	0.05767	0.13349	0.06428	0.00705	0.00448	0.00141	0.00338	0.03846	0.01826	0.00582
14	0.00886	0.00666	0.00919	0.02095	0.09682	0.00667	0.05512	0.13106	0.04462	0.05855	0.09870	0.28965	0.07695	0.00846	0.00476	0.00146	0.00343	0.03477	0.03840	0.00492
15	0.00942	0.01117	0.10172	0.02626	0.01336	0.04905	0.09840	0.01110	0.00737	0.01084	0.00622	0.00946	0.00566	0.00671	0.02219	0.00176	0.59879	0.00373	0.00188	0.00489
16	0.88196	0.00813	0.00618	0.00553	0.00813	0.00943	0.00455	0.01236	0.00715	0.01886	0.00585	0.00683	0.00455	0.00390	0.00260	0.00130	0.00325	0.00228	0.00260	0.00455
17	0.06524	0.00859	0.00979	0.00773	0.01083	0.09525	0.00630	0.01965	0.01176	0.69733	0.01492	0.01318	0.00955	0.00504	0.00409	0.00128	0.00399	0.00396	0.00474	0.00677
18	0.00946	0.00889	0.01458	0.22474	0.48403	0.02041	0.02576	0.02658	0.00952	0.01300	0.01008	0.01516	0.02509	0.00487	0.00437	0.00136	0.00503	0.08898	0.00230	0.00577
19	0.00584	0.00602	0.09338	0.00592	0.00745	0.00431	0.00503	0.00732	0.00922	0.02923	0.08981	0.30979	0.35581	0.01056	0.00502	0.00152	0.00277	0.04335	0.00376	0.00391
20	0.47318	0.00857	0.00795	0.00662	0.00928	0.00954	0.00543	0.23696	0.01123	0.07511	0.00873	0.00934	0.00644	0.00443	0.00320	0.00125	0.00350	0.00303	0.11083	0.00538
21	0.01479	0.00978	0.01093	0.00871	0.01160	0.01047	0.00710	0.54255	0.03782	0.15216	0.01295	0.08415	0.01026	0.00599	0.00432	0.00132	0.00412	0.02998	0.03441	0.00660
22	0.00864	0.02048	0.74328	0.01346	0.10480	0.00979	0.01525	0.01327	0.00895	0.01336	0.00758	0.00904	0.00547	0.00397	0.00401	0.00132	0.00608	0.00317	0.00181	0.00626
23	0.00533	0.00426	0.00478	0.00480	0.00600	0.00371	0.00361	0.00666	0.01012	0.01288	0.25495	0.09134	0.52146	0.01029	0.00503	0.00143	0.00219	0.04338	0.00410	0.00367
24	0.50882	0.00931	0.00865	0.00710	0.00999	0.01045	0.00585	0.29868	0.01197	0.06878	0.00811	0.00857	0.00592	0.00440	0.00327	0.00128	0.00374	0.00295	0.01653	0.00562
25	0.00899	0.00598	0.00621	0.00557	0.00668	0.02477	0.00398	0.17462	0.01005	0.01471	0.01258	0.01907	0.01170	0.34368	0.02190	0.00236	0.00361	0.00475	0.31475	0.00406
26	0.00601	0.00450	0.00676	0.00676	0.00751	0.00525	0.00525	0.00751	0.00676	0.00976	0.01126	0.01651	0.01051	0.03153	0.83560	0.00676	0.01126	0.00450	0.00225	0.00375
27	0.00724	0.00644	0.01080	0.09354	0.02709	0.00700	0.14654	0.03019	0.00824	0.01135	0.01347	0.27061	0.01402	0.01490	0.24157	0.00305	0.08025	0.00669	0.00271	0.00429
28	0.88196	0.00813	0.00618	0.00553	0.00813	0.00943	0.00455	0.01236	0.00715	0.01886	0.00585	0.00683	0.00455	0.00390	0.00260	0.00130	0.00325	0.00228	0.00260	0.00455
29	0.00611	0.00408	0.00458	0.00458	0.00458	0.00408	0.00255	0.00611	0.00611	0.00815	0.01325	0.02751	0.01528	0.85226	0.02140	0.00408	0.00408	0.00611	0.00255	0.00255
30	0.04590	0.00722	0.00957	0.00741	0.01056	0.00642	0.00610	0.03731	0.02179	0.74989	0.04160	0.01453	0.01110	0.00527	0.00420	0.00130	0.00354	0.00427	0.00507	0.00696
31	0.00623	0.00450	0.00548	0.00575	0.00646	0.00439	0.00413	0.04251	0.02192	0.01193	0.09542	0.30577	0.13244	0.19136	0.02373	0.00222	0.00315	0.11071	0.01830	0.00359
32	0.01286	0.00847	0.00957	0.00821	0.01082	0.00917	0.00649	0.04320	0.55082	0.24575	0.03588	0.01552	0.01263	0.00561	0.00428	0.00138	0.00340	0.00465	0.00454	0.00674
33	0.00730	0.00365	0.00548	0.00548	0.00548	0.00365	0.00365	0.00548	0.00548	0.00730	0.00730	0.01278	0.00730	0.01460	0.01643	0.87769	0.00365	0.00365	0.00183	0.00183
34	0.00978	0.00949	0.01651	0.17099	0.58278	0.00984	0.07550	0.01234	0.00929	0.01303	0.00816	0.02910	0.00689	0.00410	0.00448	0.00131	0.02422	0.00402	0.00208	0.00611
35	0.03492	0.00579	0.00767	0.06196	0.09581	0.00645	0.02043	0.01010	0.00835	0.01392	0.01138	0.03319	0.00957	0.03825	0.02356	0.00143	0.11731	0.00411	0.49146	0.00434
36	0.00513	0.00371	0.00486	0.00574	0.00607	0.00344	0.00386	0.00591	0.00824	0.01092	0.04337	0.77861	0.07882	0.01290	0.00533	0.00168	0.00241	0.01165	0.00392	0.00344
37	0.00515	0.00369	0.00485	0.00576	0.00603	0.00344	0.00383	0.00587	0.00803	0.01066	0.02344	0.79549	0.05253	0.04216	0.00591	0.00178	0.00249	0.01165	0.00386	0.00339
38	0.00963	0.02460	0.05204	0.02927	0.01635	0.01093	0.37111	0.04105	0.02618	0.01284	0.02639	0.01096	0.00703	0.00522	0.00778	0.01707	0.27615	0.00429	0.01401	0.03709
39	0.06133	0.03715	0.03121	0.07705	0.13688	0.24335	0.00867	0.13588	0.01160	0.10182	0.00896	0.02105	0.00711	0.00473	0.00434	0.00123	0.03921	0.02131	0.00283	0.04431
40	0.22361	0.02559	0.00924	0.01581	0.01020	0.21409	0.02809	0.15178	0.03864	0.01677	0.00905	0.01014	0.00704	0.00454	0.00354	0.00117	0.01580	0.00322	0.20663	0.00505
41	0.01293	0.00954	0.04426	0.00862	0.01151	0.01991	0.02162	0.21470	0.30139	0.17751	0.02817	0.04123	0.03059	0.00576	0.00430	0.00134	0.00387	0.02249	0.00419	0.03609
42	0.03981	0.56080	0.07311	0.00773	0.01127	0.01414	0.00752	0.03727	0.12580	0.06033	0.00836	0.00875	0.00679	0.00406	0.00315	0.00105	0.00433	0.00283	0.00246	0.02041
43	0.04205	0.15532	0.37165	0.00905	0.01317	0.01806	0.01007	0.03091	0.03533	0.07655	0.14032	0.02682	0.01219	0.00509	0.00394	0.00125	0.00465	0.01655	0.00275	0.02429
44	0.01019	0.02595	0.01644	0.13743	0.68439	0.02674	0.01253	0.01268	0.00944	0.01318	0.00778	0.01039	0.00646	0.00382	0.00413	0.00126	0.00512	0.00369	0.00205	0.00632

[dist]
# distance from previous block
# <min> <max>
0	3

[block]
# block no. 2 follows, 63 sequences, length 21
# corresponding to MSA columns:
# 133-153
name=unknown_C
#
# <colnr> <probs for GDERKNQSTAVLIFYWHMCP>
#	G	D	E	R	K	N	Q	S	T	A	V	L	I	F	Y	W	H	M	C	P
0	0.00991	0.00943	0.01601	0.14364	0.68362	0.00970	0.01239	0.01237	0.00929	0.01312	0.00802	0.01108	0.00679	0.03138	0.00473	0.00136	0.00505	0.00382	0.00207	0.00624
1	0.00923	0.00878	0.01465	0.37481	0.41388	0.00971	0.01191	0.01175	0.00888	0.01226	0.00758	0.01063	0.00613	0.00411	0.00464	0.00132	0.04873	0.00370	0.00199	0.03531
2	0.00610	0.00455	0.00607	0.07335	0.00863	0.00450	0.00512	0.00774	0.03372	0.02455	0.09214	0.40538	0.13440	0.01106	0.00522	0.00164	0.00294	0.16525	0.00383	0.00383
3	0.01007	0.00964	0.01645	0.13746	0.71701	0.00990	0.01273	0.01261	0.00941	0.01332	0.00785	0.01051	0.00651	0.00381	0.00417	0.00127	0.00508	0.00374	0.00205	0.00639
4	0.01140	0.00613	0.00769	0.00661	0.00870	0.00581	0.00524	0.01474	0.14008	0.31816	0.29241	0.02397	0.09927	0.00718	0.00461	0.00136	0.00287	0.03355	0.00469	0.00554
5	0.00530	0.00379	0.00505	0.00586	0.00623	0.00355	0.00403	0.00624	0.00860	0.01158	0.12408	0.71163	0.02914	0.01253	0.00533	0.00167	0.00244	0.04543	0.00399	0.00350
6	0.00950	0.19822	0.60607	0.01089	0.01629	0.06472	0.01328	0.01338	0.00900	0.01239	0.00712	0.00834	0.00535	0.00393	0.00371	0.00122	0.00594	0.00290	0.00181	0.00595
7	0.01558	0.01012	0.01121	0.00887	0.01195	0.02468	0.00722	0.46649	0.12667	0.22463	0.01304	0.03939	0.00939	0.00543	0.00425	0.00131	0.00417	0.00428	0.00442	0.00692
8	0.00528	0.00375	0.00494	0.00583	0.00609	0.00353	0.00392	0.00600	0.00796	0.01060	0.02230	0.74494	0.02659	0.08346	0.00673	0.00192	0.00264	0.04639	0.00379	0.00336
9	0.00547	0.02444	0.00528	0.00535	0.00626	0.00408	0.00385	0.00682	0.03646	0.01160	0.07963	0.42297	0.33724	0.01140	0.00509	0.00155	0.00239	0.02255	0.00391	0.00367
10	0.50004	0.03600	0.09738	0.00787	0.03694	0.03789	0.01971	0.04914	0.03524	0.13282	0.00824	0.00876	0.00600	0.00420	0.00324	0.00129	0.00399	0.00289	0.00294	0.00541
11	0.00596	0.00426	0.00584	0.00677	0.00740	0.00414	0.00533	0.00733	0.00897	0.01183	0.04614	0.42818	0.02636	0.01226	0.00557	0.00181	0.00314	0.40115	0.00391	0.00366
12	0.00546	0.00449	0.00481	0.00484	0.00613	0.00401	0.00361	0.00717	0.05448	0.01204	0.09939	0.10559	0.60099	0.03381	0.00545	0.00153	0.00232	0.03622	0.00394	0.00373
13	0.02730	0.01202	0.09400	0.03202	0.02101	0.01061	0.67460	0.01323	0.00959	0.01336	0.00822	0.01094	0.00620	0.00377	0.00521	0.00143	0.04413	0.00467	0.00209	0.00563
14	0.05747	0.03330	0.01496	0.02909	0.37376	0.17568	0.05716	0.13788	0.03891	0.01520	0.00811	0.00974	0.00650	0.00419	0.00420	0.00124	0.02044	0.00353	0.00252	0.00611
15	0.00742	0.00499	0.00552	0.00521	0.00574	0.00516	0.00333	0.09283	0.02595	0.01120	0.01326	0.04382	0.01412	0.62205	0.02811	0.00337	0.00395	0.00572	0.09496	0.00331
16	0.00887	0.00764	0.00867	0.00638	0.00988	0.02305	0.00506	0.03272	0.00917	0.01398	0.03293	0.03632	0.00795	0.00368	0.00329	0.00071	0.00319	0.00299	0.00264	0.78088
17	0.00696	0.00560	0.00802	0.00757	0.00826	0.00666	0.02563	0.03269	0.00749	0.01087	0.01225	0.15520	0.01240	0.04073	0.43004	0.00430	0.16639	0.00560	0.04935	0.00399
18	0.03893	0.41477	0.36802	0.00963	0.02584	0.01290	0.02299	0.01318	0.00880	0.04031	0.00702	0.00805	0.00555	0.00383	0.00336	0.00112	0.00521	0.00275	0.00194	0.00580
19	0.01115	0.82955	0.04652	0.00734	0.01101	0.01643	0.00745	0.01261	0.00855	0.00999	0.00590	0.00681	0.00539	0.00361	0.00274	0.00091	0.00455	0.00227	0.00180	0.00542
20	0.00904	0.00766	0.00958	0.00686	0.01061	0.00588	0.04680	0.01099	0.00887	0.03494	0.00776	0.00900	0.00634	0.00319	0.00324	0.00068	0.00333	0.00266	0.00254	0.81002

[dist]
# distance from previous block
# <min> <max>
0	1

[block]
# block no. 3 follows, 63 sequences, length 30
# corresponding to MSA columns:
# 155-184
name=unknown_D
#
# <colnr> <probs for GDERKNQSTAVLIFYWHMCP>
#	G	D	E	R	K	N	Q	S	T	A	V	L	I	F	Y	W	H	M	C	P
0	0.00955	0.00788	0.00879	0.00786	0.00945	0.08747	0.00620	0.18582	0.01027	0.02786	0.01037	0.01387	0.00905	0.03203	0.49433	0.00451	0.02926	0.00409	0.00273	0.03863
1	0.03217	0.26898	0.27954	0.00952	0.03088	0.01071	0.05238	0.01364	0.00953	0.13931	0.07451	0.01100	0.00901	0.00437	0.00370	0.00117	0.00477	0.00345	0.00262	0.03872
2	0.02168	0.01207	0.04910	0.09300	0.48981	0.15894	0.02324	0.03566	0.04150	0.01334	0.00797	0.01005	0.00650	0.00406	0.00421	0.00125	0.01575	0.00357	0.00221	0.00609
3	0.00512	0.00368	0.00486	0.00580	0.00608	0.00342	0.00388	0.00586	0.00810	0.01075	0.02380	0.82309	0.05382	0.01309	0.00535	0.00170	0.00243	0.01185	0.00390	0.00342
4	0.00968	0.01103	0.05411	0.01532	0.03307	0.01123	0.49745	0.01281	0.04026	0.01265	0.00792	0.01076	0.00634	0.00476	0.00746	0.00153	0.25159	0.00448	0.00211	0.00544
5	0.00880	0.11402	0.71233	0.01165	0.01750	0.01056	0.04248	0.01324	0.00887	0.01294	0.00739	0.00872	0.00537	0.00393	0.00388	0.00129	0.00605	0.00308	0.00179	0.00610
6	0.01145	0.72479	0.06297	0.00780	0.01137	0.07295	0.00774	0.02625	0.00894	0.01038	0.00604	0.00701	0.00542	0.00376	0.00306	0.00096	0.01945	0.00237	0.00186	0.00542
7	0.00598	0.00443	0.00572	0.00641	0.00715	0.00431	0.00488	0.00784	0.05572	0.01219	0.08221	0.42854	0.09456	0.01172	0.00537	0.00171	0.00287	0.25064	0.00397	0.00379
8	0.03161	0.31189	0.38244	0.01086	0.07963	0.01200	0.01125	0.01375	0.03734	0.06170	0.00782	0.00877	0.00601	0.00396	0.00354	0.00117	0.00518	0.00296	0.00212	0.00599
9	0.00990	0.00972	0.01595	0.25293	0.53929	0.04094	0.04558	0.01247	0.00935	0.01276	0.00776	0.01056	0.00631	0.00389	0.00419	0.00129	0.00535	0.00375	0.00203	0.00599
10	0.00533	0.00432	0.00477	0.00492	0.00607	0.00383	0.00361	0.00682	0.03787	0.01207	0.12239	0.20713	0.52955	0.01079	0.00504	0.00148	0.00225	0.02406	0.00399	0.00368
11	0.00794	0.00747	0.01261	0.84216	0.02895	0.00934	0.01167	0.01074	0.00841	0.01074	0.00747	0.01121	0.00560	0.00420	0.00420	0.00140	0.00560	0.00374	0.00187	0.00467
12	0.45413	0.00780	0.00805	0.00657	0.00950	0.00805	0.00542	0.04343	0.00984	0.39290	0.01095	0.01039	0.00734	0.00454	0.00341	0.00130	0.00345	0.00323	0.00386	0.00584
13	0.01022	0.00980	0.01673	0.08597	0.76729	0.00994	0.01281	0.01274	0.00949	0.01351	0.00788	0.01046	0.00658	0.00378	0.00416	0.00126	0.00504	0.00374	0.00207	0.00651
14	0.00610	0.00409	0.00465	0.00463	0.00469	0.00407	0.00263	0.00622	0.00646	0.00868	0.06221	0.02774	0.01676	0.80130	0.02040	0.00391	0.00395	0.00620	0.00267	0.00263
15	0.00902	0.00858	0.01457	0.48305	0.37959	0.00962	0.01221	0.01169	0.00892	0.01206	0.00766	0.01085	0.00607	0.00400	0.00418	0.00133	0.00534	0.00374	0.00196	0.00554
16	0.00992	0.01134	0.02481	0.01772	0.02197	0.01063	0.81077	0.01347	0.00992	0.01347	0.00850	0.01134	0.00638	0.00354	0.00496	0.00142	0.00709	0.00496	0.00213	0.00567
17	0.00665	0.00485	0.00694	0.00646	0.00763	0.00459	0.05098	0.00859	0.02140	0.04331	0.47743	0.12729	0.05886	0.02865	0.04897	0.00178	0.00313	0.08428	0.00414	0.00408
18	0.00806	0.00469	0.00520	0.05202	0.00693	0.00507	0.00398	0.01059	0.05546	0.01521	0.01313	0.01508	0.01033	0.00503	0.00366	0.00107	0.04643	0.00394	0.72996	0.00415
19	0.01491	0.01119	0.01238	0.01037	0.05866	0.01233	0.00803	0.68861	0.06487	0.02462	0.01090	0.04431	0.00828	0.00534	0.00425	0.00129	0.00448	0.00417	0.00408	0.00694
20	0.00714	0.00493	0.00637	0.00665	0.00771	0.00476	0.00510	0.04756	0.02428	0.05515	0.02118	0.41250	0.06021	0.01219	0.05317	0.00193	0.00352	0.20832	0.00381	0.05351
21	0.00622	0.00427	0.00581	0.05335	0.00788	0.00404	0.00460	0.00723	0.00845	0.05397	0.04083	0.67815	0.02494	0.01168	0.00515	0.00162	0.00274	0.03626	0.00382	0.03900
22	0.04832	0.01582	0.01210	0.05875	0.01378	0.47519	0.00834	0.10264	0.01211	0.01373	0.00891	0.05401	0.00790	0.00584	0.00539	0.00143	0.09406	0.00383	0.00286	0.05501
23	0.00967	0.00582	0.00709	0.00638	0.00805	0.00515	0.00482	0.01123	0.02619	0.18493	0.45826	0.03074	0.20555	0.00896	0.00527	0.00155	0.00279	0.00743	0.00493	0.00519
24	0.06121	0.00968	0.01455	0.03218	0.01494	0.00909	0.24282	0.08530	0.05780	0.09881	0.01165	0.04315	0.00959	0.00538	0.00481	0.00142	0.01966	0.03649	0.00338	0.23810
25	0.01221	0.00975	0.05751	0.00849	0.01160	0.00881	0.00697	0.14146	0.22462	0.10272	0.03330	0.01496	0.04343	0.00617	0.00508	0.04731	0.00400	0.00434	0.00393	0.25335
26	0.01219	0.59083	0.01834	0.00788	0.01095	0.05706	0.00708	0.01327	0.01007	0.07202	0.10440	0.05602	0.01203	0.00560	0.00378	0.00124	0.00457	0.00395	0.00291	0.00581
27	0.00790	0.00557	0.00666	0.08705	0.00854	0.00563	0.00444	0.00868	0.05439	0.02830	0.01509	0.11455	0.01636	0.59843	0.01683	0.00351	0.00438	0.00672	0.00317	0.00381
28	0.01086	0.00992	0.01439	0.25064	0.30688	0.04428	0.03927	0.04310	0.02855	0.01427	0.00933	0.01226	0.00765	0.00494	0.00501	0.00146	0.04934	0.00402	0.05203	0.09181
29	0.04626	0.14956	0.09645	0.00875	0.05666	0.07185	0.00717	0.01148	0.01016	0.04507	0.06097	0.07293	0.21045	0.00731	0.00455	0.00143	0.00422	0.02981	0.00333	0.10161

[dist]
# distance from previous block
# <min> <max>
8	104

# created by:
# /st0/software/busco_prod/Augustus/scripts/msa2prfl.pl ./align_prep/409625.fa
