[name]
unknown

[dist]
# distance from previous block
# <min> <max>
1	143

[block]
# block no. 0 follows, 64 sequences, length 130
# corresponding to MSA columns:
# 180-309
name=unknown_A
#
# <colnr> <probs for GDERKNQSTAVLIFYWHMCP>
#	G	D	E	R	K	N	Q	S	T	A	V	L	I	F	Y	W	H	M	C	P
0	0.04923	0.04134	0.23205	0.04678	0.05035	0.05818	0.04027	0.12306	0.08088	0.04633	0.01101	0.06535	0.03768	0.00557	0.01492	0.00138	0.04958	0.00418	0.00277	0.03910
1	0.06948	0.05280	0.09810	0.10711	0.02781	0.03216	0.05991	0.16806	0.01821	0.02277	0.07831	0.04734	0.01018	0.02606	0.02642	0.02600	0.05397	0.00419	0.01606	0.05506
2	0.16718	0.11726	0.05380	0.03601	0.04889	0.08980	0.07893	0.11599	0.08379	0.06553	0.03607	0.01141	0.03786	0.00466	0.00387	0.00124	0.01645	0.00365	0.01379	0.01383
3	0.01086	0.03856	0.01127	0.07017	0.02391	0.02816	0.08817	0.12648	0.09866	0.12422	0.06592	0.07233	0.02990	0.00667	0.04215	0.00148	0.01789	0.00473	0.01727	0.12118
4	0.09301	0.03020	0.01082	0.11275	0.01323	0.04665	0.04525	0.14690	0.07219	0.20320	0.01155	0.07484	0.00907	0.00519	0.00417	0.00126	0.02140	0.00422	0.00347	0.09062
5	0.04711	0.33289	0.03117	0.06125	0.04204	0.05758	0.19872	0.02881	0.05744	0.03496	0.00793	0.00967	0.00649	0.02326	0.01582	0.00130	0.01889	0.00341	0.00224	0.01903
6	0.09522	0.02326	0.07152	0.09790	0.07055	0.04576	0.02072	0.04885	0.05468	0.02448	0.02193	0.02464	0.04122	0.00592	0.01866	0.00149	0.25891	0.00383	0.00243	0.06804
7	0.09470	0.03171	0.00860	0.00712	0.00930	0.06108	0.00559	0.09375	0.16618	0.10377	0.05141	0.07810	0.04596	0.04343	0.03453	0.00156	0.02261	0.00472	0.04319	0.09270
8	0.25245	0.00785	0.00909	0.02164	0.02597	0.00812	0.05111	0.15972	0.01044	0.08514	0.01780	0.14221	0.01003	0.00564	0.00393	0.00126	0.01969	0.00456	0.04155	0.12181
9	0.01080	0.01182	0.21605	0.00971	0.01373	0.00839	0.11480	0.14324	0.01998	0.10506	0.02186	0.03942	0.00794	0.00437	0.00394	0.00113	0.00459	0.00378	0.02062	0.23876
10	0.00993	0.05368	0.04652	0.05229	0.27440	0.02120	0.02167	0.06583	0.10485	0.06640	0.18496	0.01646	0.03968	0.01862	0.00452	0.00131	0.00402	0.00475	0.00320	0.00570
11	0.00600	0.00401	0.00454	0.00459	0.00460	0.00400	0.00258	0.00603	0.00613	0.00817	0.01353	0.06460	0.01566	0.81584	0.02042	0.00392	0.00395	0.00630	0.00258	0.00256
12	0.01334	0.29544	0.01479	0.00893	0.01174	0.31368	0.00744	0.14872	0.10807	0.01365	0.00817	0.00872	0.00659	0.00433	0.00350	0.00108	0.00539	0.00296	0.01791	0.00555
13	0.00515	0.00407	0.00460	0.00492	0.00588	0.00358	0.00357	0.00615	0.00899	0.01120	0.06586	0.27080	0.48488	0.04715	0.00576	0.00162	0.00237	0.05618	0.00383	0.00346
14	0.05061	0.67095	0.04891	0.00746	0.01093	0.04807	0.00729	0.03716	0.00883	0.01099	0.00606	0.00702	0.00538	0.00372	0.00306	0.00095	0.02330	0.00236	0.00193	0.04502
15	0.00639	0.05718	0.00676	0.00597	0.00692	0.00512	0.00459	0.00825	0.04132	0.01347	0.36842	0.18701	0.03567	0.08107	0.02256	0.00179	0.01490	0.12484	0.00387	0.00387
16	0.00546	0.00385	0.00506	0.00576	0.00625	0.00358	0.00403	0.00644	0.00867	0.02439	0.12188	0.64013	0.07668	0.01209	0.00524	0.00163	0.00244	0.05893	0.00396	0.00353
17	0.00583	0.00424	0.00548	0.00517	0.00617	0.00390	0.00388	0.00774	0.01164	0.01637	0.78470	0.03150	0.08059	0.00860	0.00490	0.00131	0.00197	0.00758	0.00453	0.00390
18	0.04215	0.01076	0.01168	0.00924	0.02394	0.03437	0.00748	0.57840	0.04196	0.18075	0.01117	0.01079	0.00773	0.00496	0.00410	0.00126	0.00438	0.00378	0.00421	0.00690
19	0.00573	0.00381	0.00507	0.00581	0.00621	0.00354	0.00393	0.00654	0.00826	0.04807	0.05871	0.75948	0.02697	0.02952	0.00555	0.00170	0.00247	0.01115	0.00392	0.00355
20	0.00509	0.00364	0.00486	0.00582	0.00607	0.00340	0.00391	0.00584	0.00798	0.01064	0.02288	0.83581	0.02740	0.01298	0.00531	0.00169	0.00244	0.02700	0.00386	0.00338
21	0.00790	0.00740	0.01245	0.81187	0.04854	0.00917	0.01145	0.01065	0.00834	0.01075	0.00748	0.01111	0.00563	0.00415	0.00413	0.00137	0.00547	0.00369	0.01376	0.00465
22	0.00974	0.01167	0.06105	0.01725	0.02154	0.01047	0.77695	0.01330	0.00976	0.01330	0.00836	0.01109	0.00626	0.00352	0.00486	0.00140	0.00696	0.00482	0.00209	0.00563
23	0.00833	0.02149	0.83250	0.01184	0.01798	0.00965	0.01535	0.01315	0.00877	0.01315	0.00745	0.00877	0.00526	0.00395	0.00395	0.00132	0.00614	0.00307	0.00175	0.00614
24	0.01552	0.01980	0.01177	0.01070	0.01284	0.83735	0.00803	0.01659	0.01177	0.01017	0.00642	0.00749	0.00535	0.00428	0.00375	0.00107	0.00749	0.00268	0.00214	0.00482
25	0.04279	0.00710	0.00954	0.00734	0.01053	0.00619	0.00606	0.02002	0.01175	0.80830	0.01609	0.01393	0.01012	0.00511	0.00413	0.00129	0.00353	0.00412	0.00507	0.00700
26	0.02138	0.00777	0.03647	0.21182	0.21163	0.00781	0.02420	0.04379	0.04701	0.07009	0.19122	0.03861	0.03479	0.00575	0.00439	0.00134	0.00412	0.02945	0.00310	0.00527
27	0.01118	0.84163	0.02159	0.00717	0.01070	0.03105	0.00712	0.01251	0.00850	0.00978	0.00579	0.00668	0.00533	0.00357	0.00268	0.00089	0.00450	0.00223	0.00178	0.00532
28	0.00499	0.00409	0.00440	0.00461	0.00576	0.00351	0.00337	0.00601	0.00920	0.01122	0.05364	0.20864	0.63132	0.01101	0.00500	0.00147	0.00219	0.02220	0.00387	0.00349
29	0.00774	0.00387	0.00387	0.00387	0.00484	0.00387	0.00290	0.00968	0.00871	0.01549	0.01355	0.01549	0.01065	0.00484	0.00290	0.00097	0.00194	0.00387	0.87708	0.00387
30	0.00614	0.00430	0.00564	0.00527	0.00629	0.00396	0.00396	0.00809	0.01176	0.03318	0.80949	0.03068	0.03861	0.00842	0.00488	0.00131	0.00199	0.00744	0.00458	0.00398
31	0.00493	0.00421	0.00424	0.00423	0.00563	0.00352	0.00318	0.00601	0.00953	0.01136	0.06193	0.03975	0.80648	0.01047	0.00491	0.00140	0.00210	0.00873	0.00388	0.00352
32	0.00986	0.01007	0.01751	0.18504	0.42733	0.04266	0.20253	0.01255	0.00933	0.01271	0.00776	0.01052	0.00623	0.00385	0.00451	0.00131	0.02443	0.00394	0.00202	0.00584
33	0.00572	0.00417	0.00537	0.00527	0.00617	0.00382	0.00386	0.00739	0.01087	0.01516	0.62116	0.17267	0.08423	0.01764	0.00510	0.00140	0.00208	0.00825	0.00436	0.01532
34	0.00930	0.00750	0.00878	0.00632	0.00998	0.00580	0.00507	0.03668	0.00911	0.05106	0.00787	0.00891	0.00637	0.00323	0.00316	0.00067	0.00314	0.00258	0.00264	0.81183
35	0.00936	0.11254	0.21263	0.00979	0.08149	0.02846	0.03109	0.02717	0.00904	0.02061	0.00759	0.02009	0.00620	0.00363	0.00346	0.00094	0.00438	0.00293	0.00223	0.40638
36	0.00892	0.05949	0.54833	0.01205	0.01694	0.01037	0.12313	0.03935	0.00895	0.01302	0.00750	0.00930	0.00564	0.00506	0.03063	0.00152	0.08864	0.00340	0.00190	0.00582
37	0.00562	0.00426	0.00524	0.00578	0.00669	0.00394	0.00451	0.00686	0.00904	0.01147	0.04831	0.23093	0.31204	0.05013	0.00603	0.00176	0.00284	0.27719	0.00380	0.00355
38	0.01010	0.00988	0.01557	0.16615	0.54364	0.05609	0.05031	0.03182	0.02063	0.01313	0.00839	0.02513	0.00709	0.00416	0.00419	0.00128	0.00519	0.01908	0.00217	0.00600
39	0.00593	0.00445	0.00668	0.00668	0.00742	0.00519	0.00519	0.00742	0.00668	0.00964	0.01113	0.01632	0.01038	0.03115	0.83756	0.00668	0.01113	0.00445	0.00223	0.00371
40	0.01213	0.00839	0.00928	0.00794	0.01041	0.00919	0.00629	0.12971	0.47340	0.15933	0.05460	0.01525	0.01262	0.00554	0.00415	0.00133	0.00335	0.00455	0.06613	0.00641
41	0.01064	0.54982	0.21743	0.00899	0.01306	0.06953	0.04371	0.01289	0.00877	0.01077	0.00633	0.00746	0.00536	0.00375	0.00330	0.00104	0.01726	0.00259	0.00181	0.00549
42	0.00629	0.00500	0.00695	0.00687	0.00762	0.02870	0.00534	0.00772	0.00680	0.00964	0.01087	0.01604	0.01018	0.04283	0.77811	0.00634	0.03432	0.00440	0.00222	0.00374
43	0.00603	0.00405	0.00466	0.00474	0.00481	0.00403	0.00279	0.00618	0.00637	0.00850	0.02749	0.06219	0.01641	0.76688	0.01952	0.00379	0.00392	0.04236	0.00267	0.00264
44	0.00532	0.00421	0.00479	0.00467	0.00587	0.00368	0.00349	0.00675	0.01039	0.01349	0.37130	0.05572	0.47611	0.00973	0.00491	0.00137	0.00205	0.00831	0.00416	0.00368
45	0.00533	0.00422	0.00479	0.00465	0.00587	0.00369	0.00349	0.00678	0.01046	0.01359	0.38305	0.03608	0.48398	0.00964	0.00490	0.00136	0.00204	0.00822	0.00417	0.00369
46	0.15840	0.00530	0.00609	0.00553	0.00700	0.00528	0.00427	0.02521	0.02522	0.06963	0.59228	0.02488	0.02991	0.00731	0.00440	0.00130	0.00235	0.00622	0.01510	0.00433
47	0.04784	0.01142	0.01213	0.00937	0.01264	0.01267	0.00773	0.76009	0.04372	0.02563	0.01003	0.01002	0.00714	0.00496	0.00410	0.00125	0.00448	0.00371	0.00410	0.00695
48	0.88336	0.00803	0.00611	0.00546	0.00803	0.00932	0.00450	0.01221	0.00707	0.01864	0.00578	0.00675	0.00450	0.00386	0.00257	0.00129	0.00321	0.00225	0.00257	0.00450
49	0.01118	0.00838	0.00920	0.00783	0.01009	0.00916	0.00617	0.27833	0.28893	0.05573	0.09155	0.03798	0.06593	0.05982	0.02652	0.00165	0.00375	0.01785	0.00408	0.00587
50	0.01579	0.01163	0.01247	0.00956	0.01288	0.01288	0.00789	0.81426	0.01953	0.02618	0.00997	0.00997	0.00706	0.00499	0.00416	0.00125	0.00457	0.00374	0.00416	0.00706
51	0.02994	0.00858	0.00936	0.02169	0.01090	0.00905	0.00624	0.06605	0.50224	0.04466	0.01359	0.01306	0.01026	0.00485	0.00388	0.00119	0.00335	0.00397	0.00372	0.23341
52	0.00784	0.00738	0.01246	0.84404	0.02861	0.00923	0.01154	0.01061	0.00831	0.01061	0.00738	0.01107	0.00554	0.00415	0.00415	0.00138	0.00554	0.00369	0.00185	0.00461
53	0.00909	0.00909	0.01272	0.01091	0.01091	0.01272	0.00909	0.01000	0.00636	0.01000	0.00545	0.00909	0.00545	0.00727	0.01363	0.00182	0.84642	0.00364	0.00182	0.00454
54	0.00506	0.00369	0.00477	0.00561	0.00598	0.00340	0.00378	0.00583	0.00817	0.01076	0.03707	0.75433	0.11089	0.01268	0.00525	0.00165	0.00237	0.01143	0.00387	0.00340
55	0.00904	0.00886	0.01341	0.30904	0.06156	0.03362	0.07929	0.04715	0.00839	0.01147	0.00820	0.01131	0.03603	0.00600	0.02263	0.00162	0.32153	0.00395	0.00206	0.00484
56	0.01859	0.00715	0.00969	0.00743	0.01064	0.00622	0.00614	0.03357	0.01202	0.81748	0.01628	0.01407	0.01023	0.00514	0.00418	0.00128	0.00355	0.00417	0.00512	0.00707
57	0.00665	0.00475	0.00664	0.00760	0.00853	0.00474	0.00661	0.00853	0.00952	0.01238	0.02202	0.06932	0.02400	0.01152	0.00573	0.00191	0.00379	0.77814	0.00383	0.00381
58	0.01847	0.00703	0.00959	0.00736	0.01055	0.00608	0.00608	0.02008	0.01189	0.82052	0.02679	0.01436	0.01065	0.00518	0.00419	0.00129	0.00351	0.00422	0.00513	0.00703
59	0.00763	0.01555	0.04053	0.00891	0.01027	0.01984	0.14156	0.00913	0.00797	0.04801	0.01398	0.29655	0.01479	0.07339	0.14212	0.00258	0.12483	0.00689	0.01125	0.00422
60	0.00594	0.00443	0.00658	0.00658	0.00729	0.00514	0.00507	0.00735	0.00665	0.00957	0.01122	0.01681	0.01060	0.06851	0.80049	0.00656	0.01080	0.00452	0.00224	0.00365
61	0.01145	0.00606	0.00753	0.00669	0.00874	0.00571	0.00530	0.03030	0.11666	0.33589	0.03068	0.15563	0.17542	0.00811	0.00465	0.00144	0.00307	0.07685	0.00442	0.00540
62	0.00536	0.00412	0.00492	0.00504	0.00602	0.00368	0.00371	0.00671	0.00999	0.01313	0.32444	0.20689	0.34136	0.01033	0.00502	0.00145	0.00218	0.03790	0.00412	0.00364
63	0.01019	0.00978	0.01671	0.05426	0.80002	0.00985	0.01271	0.01267	0.00942	0.01347	0.00780	0.01031	0.00654	0.00372	0.00411	0.00124	0.00496	0.00370	0.00205	0.00651
64	0.00664	0.00468	0.00623	0.00636	0.00742	0.00453	0.00517	0.00891	0.03850	0.03316	0.45759	0.03647	0.03151	0.00952	0.00520	0.00155	0.00279	0.32544	0.00427	0.00404
65	0.00599	0.00450	0.00664	0.00661	0.00730	0.00524	0.00509	0.00738	0.00663	0.00955	0.01115	0.01686	0.01059	0.08089	0.77435	0.00643	0.02436	0.00453	0.00224	0.00365
66	0.01028	0.00987	0.01686	0.02550	0.82811	0.00987	0.01275	0.01275	0.00946	0.01357	0.00781	0.01028	0.00658	0.00370	0.00411	0.00123	0.00493	0.00370	0.00206	0.00658
67	0.00763	0.00626	0.00855	0.00763	0.00817	0.00751	0.03546	0.02507	0.04376	0.02360	0.01047	0.01797	0.01064	0.33309	0.19210	0.00364	0.24739	0.00483	0.00239	0.00382
68	0.00571	0.00429	0.00592	0.01838	0.02293	0.00419	0.01627	0.00696	0.02641	0.01116	0.03313	0.62521	0.03782	0.02606	0.00566	0.00173	0.01423	0.12657	0.00373	0.00363
69	0.00973	0.00929	0.01580	0.17550	0.66281	0.00962	0.01233	0.01225	0.00930	0.01310	0.02599	0.01089	0.00712	0.00389	0.00414	0.00126	0.00498	0.00378	0.00207	0.00616
70	0.02640	0.00963	0.07071	0.12303	0.33843	0.03769	0.03635	0.04684	0.06967	0.01415	0.00958	0.02531	0.00772	0.00440	0.00409	0.00125	0.01974	0.00387	0.14549	0.00565
71	0.01011	0.32602	0.25254	0.04193	0.17435	0.04490	0.04191	0.01298	0.02441	0.01182	0.00705	0.00855	0.00574	0.00384	0.00370	0.00115	0.01832	0.00300	0.00190	0.00578
72	0.13915	0.06238	0.09710	0.01802	0.07043	0.04647	0.05287	0.22739	0.06408	0.04769	0.03202	0.01067	0.00783	0.00463	0.00409	0.00125	0.03342	0.00357	0.07115	0.00580
73	0.02411	0.41754	0.28612	0.02779	0.02161	0.03092	0.03018	0.01298	0.00890	0.05962	0.02421	0.02493	0.00675	0.00409	0.00340	0.00111	0.00500	0.00303	0.00210	0.00561
74	0.00977	0.00766	0.00916	0.05861	0.01127	0.00647	0.00567	0.04796	0.06614	0.07609	0.00885	0.00973	0.00692	0.00356	0.00336	0.00080	0.00335	0.00288	0.00282	0.65893
75	0.00979	0.01035	0.01253	0.01076	0.01130	0.13274	0.04208	0.01086	0.00731	0.01010	0.00623	0.00973	0.00597	0.02215	0.06797	0.00206	0.61798	0.00364	0.00192	0.00454
76	0.00720	0.00493	0.00617	0.00566	0.00696	0.00471	0.00431	0.01008	0.09449	0.07479	0.64256	0.02871	0.07708	0.00807	0.00478	0.00132	0.00222	0.00705	0.00454	0.00439
77	0.00950	0.00912	0.01508	0.09855	0.43105	0.02539	0.10629	0.02425	0.00937	0.01323	0.05930	0.02428	0.02244	0.00470	0.00516	0.00132	0.08760	0.00426	0.04343	0.00566
78	0.00504	0.00424	0.00439	0.00449	0.00579	0.00363	0.00334	0.00625	0.02230	0.01129	0.03954	0.11378	0.72494	0.01069	0.00495	0.00144	0.00218	0.02431	0.00386	0.00355
79	0.00833	0.02149	0.83250	0.01184	0.01798	0.00965	0.01535	0.01315	0.00877	0.01315	0.00745	0.00877	0.00526	0.00395	0.00395	0.00132	0.00614	0.00307	0.00175	0.00614
80	0.88336	0.00803	0.00611	0.00546	0.00803	0.00932	0.00450	0.01221	0.00707	0.01864	0.00578	0.00675	0.00450	0.00386	0.00257	0.00129	0.00321	0.00225	0.00257	0.00450
81	0.01054	0.00995	0.01712	0.04941	0.67753	0.00999	0.08731	0.04924	0.00995	0.02701	0.00809	0.01044	0.00660	0.00378	0.00419	0.00126	0.00511	0.00382	0.00220	0.00646
82	0.01082	0.63085	0.12834	0.00839	0.02485	0.06468	0.00839	0.01261	0.00865	0.01041	0.01766	0.00751	0.00583	0.00389	0.00345	0.00101	0.04290	0.00252	0.00184	0.00537
83	0.01281	0.00819	0.00922	0.00784	0.01038	0.00882	0.00623	0.08764	0.45989	0.23847	0.01587	0.01466	0.01137	0.00537	0.00409	0.00132	0.00334	0.00440	0.08357	0.00651
84	0.01017	0.57474	0.29534	0.00870	0.01313	0.01414	0.00989	0.01268	0.00855	0.01091	0.00634	0.00737	0.00531	0.00369	0.00310	0.00103	0.00501	0.00251	0.00177	0.00560
85	0.01130	0.81886	0.02132	0.00727	0.01076	0.05338	0.00715	0.01262	0.00859	0.00979	0.00580	0.00670	0.00533	0.00359	0.00271	0.00090	0.00458	0.00224	0.00179	0.00531
86	0.00722	0.00361	0.00541	0.00541	0.00541	0.00361	0.00361	0.00541	0.00541	0.00722	0.00722	0.01263	0.00722	0.01443	0.01623	0.87915	0.00361	0.00361	0.00180	0.00180
87	0.00617	0.00470	0.00658	0.00811	0.07865	0.00453	0.00573	0.00757	0.00889	0.01167	0.02310	0.36798	0.10274	0.01133	0.00534	0.00171	0.00318	0.33450	0.00369	0.00385
88	0.00774	0.00387	0.00387	0.00387	0.00484	0.00387	0.00290	0.00968	0.00871	0.01549	0.01355	0.01549	0.01065	0.00484	0.00290	0.00097	0.00194	0.00387	0.87708	0.00387
89	0.00524	0.00422	0.00467	0.00460	0.00585	0.00365	0.00346	0.00657	0.01014	0.01288	0.27980	0.05288	0.55863	0.00997	0.00493	0.00139	0.00209	0.02134	0.00407	0.00363
90	0.01111	0.85652	0.02177	0.00711	0.01066	0.01644	0.00711	0.01244	0.00844	0.00977	0.00577	0.00666	0.00533	0.00355	0.00267	0.00089	0.00444	0.00222	0.00178	0.00533
91	0.00602	0.00403	0.00453	0.00453	0.00455	0.00402	0.00253	0.00604	0.00610	0.00811	0.01356	0.02739	0.02832	0.84028	0.02088	0.00398	0.00400	0.00608	0.00254	0.00253
92	0.88336	0.00803	0.00611	0.00546	0.00803	0.00932	0.00450	0.01221	0.00707	0.01864	0.00578	0.00675	0.00450	0.00386	0.00257	0.00129	0.00321	0.00225	0.00257	0.00450
93	0.04120	0.04469	0.01242	0.02163	0.03822	0.28546	0.00804	0.37286	0.01431	0.01776	0.00804	0.00895	0.00622	0.00483	0.00478	0.00123	0.08423	0.00328	0.01599	0.00585
94	0.00651	0.00500	0.00615	0.00652	0.00776	0.00488	0.00543	0.02134	0.07228	0.01291	0.07704	0.04074	0.27430	0.01044	0.00529	0.00167	0.00314	0.43070	0.00392	0.00399
95	0.00588	0.00425	0.00555	0.00523	0.00621	0.00392	0.00392	0.00784	0.01176	0.01666	0.82592	0.03103	0.03919	0.00849	0.00490	0.00131	0.00196	0.00751	0.00457	0.00392
96	0.00563	0.00423	0.00514	0.00491	0.00601	0.00380	0.00368	0.00732	0.01104	0.01506	0.58554	0.03337	0.26704	0.00902	0.00487	0.00133	0.00200	0.00782	0.01839	0.00380
97	0.00909	0.00909	0.01272	0.01091	0.01091	0.01272	0.00909	0.01000	0.00636	0.01000	0.00545	0.00909	0.00545	0.00727	0.01363	0.00182	0.84642	0.00364	0.00182	0.00454
98	0.00567	0.00389	0.00471	0.00507	0.00518	0.00382	0.00310	0.00599	0.00678	0.00906	0.01671	0.33636	0.01960	0.51284	0.04032	0.00323	0.00364	0.00816	0.00301	0.00288
99	0.00669	0.00478	0.00669	0.00765	0.00861	0.00478	0.00669	0.00861	0.00956	0.01243	0.02199	0.04685	0.02391	0.01147	0.00574	0.00191	0.00382	0.80015	0.00382	0.00382
100	0.00513	0.00369	0.00493	0.00582	0.00608	0.00349	0.00391	0.00589	0.00805	0.01078	0.04743	0.81722	0.02760	0.01281	0.00538	0.00168	0.01126	0.01159	0.00386	0.00340
101	0.00878	0.00760	0.00936	0.04462	0.01113	0.00602	0.03016	0.02849	0.00888	0.01368	0.00747	0.00884	0.00615	0.00318	0.00321	0.00069	0.00334	0.00262	0.00246	0.79333
102	0.04407	0.08065	0.71218	0.01128	0.01700	0.01008	0.02942	0.01318	0.00875	0.02616	0.00743	0.00867	0.00534	0.00392	0.00382	0.00128	0.00587	0.00303	0.00185	0.00602
103	0.01092	0.00875	0.00932	0.00825	0.01064	0.00997	0.00646	0.06497	0.70023	0.05749	0.01635	0.01513	0.01216	0.00554	0.00416	0.00137	0.00331	0.00458	0.04390	0.00650
104	0.00784	0.00738	0.01246	0.84404	0.02861	0.00923	0.01154	0.01061	0.00831	0.01061	0.00738	0.01107	0.00554	0.00415	0.00415	0.00138	0.00554	0.00369	0.00185	0.00461
105	0.02668	0.09455	0.71229	0.01136	0.01711	0.01021	0.03344	0.01318	0.00878	0.02511	0.00743	0.00868	0.00535	0.00392	0.00383	0.00128	0.00591	0.00304	0.00183	0.00603
106	0.00786	0.00625	0.00823	0.02809	0.05900	0.00639	0.04211	0.01221	0.21921	0.04874	0.27769	0.09930	0.12577	0.00820	0.02326	0.00151	0.00315	0.01421	0.00396	0.00488
107	0.00594	0.00441	0.00645	0.00645	0.00712	0.00507	0.00491	0.00727	0.00661	0.00948	0.01133	0.01745	0.01088	0.11690	0.75249	0.00640	0.01039	0.00462	0.00226	0.00358
108	0.00841	0.02091	0.78697	0.01216	0.01819	0.00969	0.06029	0.01316	0.00883	0.01316	0.00751	0.00891	0.00532	0.00392	0.00400	0.00132	0.00619	0.00317	0.00177	0.00611
109	0.00506	0.00362	0.00481	0.00576	0.00602	0.00338	0.00384	0.00579	0.00798	0.01061	0.02322	0.83769	0.04088	0.01297	0.00530	0.00168	0.00240	0.01176	0.00386	0.00338
110	0.00833	0.02149	0.83250	0.01184	0.01798	0.00965	0.01535	0.01315	0.00877	0.01315	0.00745	0.00877	0.00526	0.00395	0.00395	0.00132	0.00614	0.00307	0.00175	0.00614
111	0.01028	0.00983	0.01652	0.02472	0.79115	0.00989	0.01247	0.01317	0.04614	0.01374	0.00822	0.01052	0.00686	0.00379	0.00412	0.00124	0.00486	0.00375	0.00215	0.00658
112	0.00513	0.00369	0.00490	0.00579	0.00610	0.00342	0.00388	0.00588	0.00797	0.01066	0.02258	0.83406	0.02704	0.01281	0.00526	0.00166	0.00242	0.01162	0.00383	0.02131
113	0.00722	0.00361	0.00541	0.00541	0.00541	0.00361	0.00361	0.00541	0.00541	0.00722	0.00722	0.01263	0.00722	0.01443	0.01623	0.87915	0.00361	0.00361	0.00180	0.00180
114	0.01024	0.00885	0.00931	0.00838	0.01072	0.01022	0.00652	0.02181	0.80746	0.01728	0.01731	0.01589	0.02587	0.00571	0.00424	0.00141	0.00327	0.00476	0.00422	0.00652
115	0.00506	0.00361	0.00482	0.00578	0.00602	0.00337	0.00386	0.00578	0.00795	0.01060	0.02289	0.85131	0.02747	0.01301	0.00530	0.00169	0.00241	0.01181	0.00386	0.00337
116	0.10366	0.00749	0.01177	0.73370	0.02596	0.00932	0.01071	0.01077	0.00813	0.01148	0.00716	0.01056	0.00542	0.00419	0.00419	0.00138	0.02405	0.00353	0.00192	0.00460
117	0.04346	0.01083	0.01166	0.01923	0.02343	0.03599	0.00752	0.58413	0.04255	0.09644	0.01047	0.02341	0.00762	0.00502	0.00425	0.00124	0.02049	0.00380	0.00396	0.04449
118	0.00630	0.00477	0.00680	0.00665	0.00724	0.00563	0.00509	0.00756	0.00668	0.00976	0.01113	0.02834	0.01077	0.12858	0.61489	0.00559	0.08397	0.00465	0.04197	0.00364
119	0.01098	0.81876	0.05843	0.00732	0.01099	0.01613	0.00748	0.01247	0.00845	0.00993	0.00585	0.00676	0.00533	0.00357	0.00272	0.00091	0.00452	0.00226	0.00178	0.00537
120	0.00990	0.47202	0.35808	0.00954	0.01419	0.01335	0.04697	0.01277	0.00864	0.01133	0.00659	0.00774	0.00535	0.00371	0.00330	0.00109	0.00526	0.00269	0.00178	0.00568
121	0.00960	0.01083	0.02346	0.01714	0.03751	0.01017	0.76005	0.01295	0.00971	0.01319	0.00905	0.04918	0.00727	0.00394	0.00490	0.00141	0.00675	0.00519	0.00218	0.00552
122	0.00534	0.00387	0.00502	0.00586	0.00618	0.00371	0.00393	0.00653	0.04463	0.01081	0.02225	0.78199	0.02633	0.04484	0.00586	0.00176	0.00251	0.01127	0.00382	0.00349
123	0.02696	0.00943	0.01160	0.07571	0.10517	0.07685	0.03257	0.16989	0.05192	0.33900	0.01257	0.03594	0.00910	0.00509	0.00419	0.00129	0.00444	0.01804	0.00387	0.00637
124	0.01121	0.01179	0.04487	0.06479	0.12675	0.11316	0.35545	0.12927	0.01126	0.02613	0.00901	0.02827	0.00720	0.00431	0.00445	0.00132	0.00602	0.02203	0.01701	0.00571
125	0.00569	0.00459	0.00519	0.00544	0.00675	0.00420	0.00438	0.00749	0.04618	0.01186	0.03487	0.04095	0.54708	0.01059	0.00513	0.00156	0.00268	0.24776	0.00386	0.00374
126	0.01031	0.00686	0.00828	0.00647	0.00941	0.00579	0.00513	0.01300	0.08720	0.18442	0.10711	0.05178	0.02910	0.00498	0.00377	0.00098	0.00301	0.00417	0.00353	0.45471
127	0.01091	0.03362	0.02406	0.00714	0.01045	0.02011	0.02137	0.08384	0.04589	0.14677	0.04937	0.01241	0.02134	0.00433	0.00363	0.00093	0.00348	0.02354	0.00323	0.47356
128	0.00841	0.01955	0.70284	0.01213	0.01767	0.00970	0.08460	0.01283	0.00873	0.01296	0.00785	0.03123	0.00595	0.00430	0.00450	0.00136	0.04412	0.00349	0.00184	0.00595
129	0.01083	0.00892	0.01013	0.03067	0.07188	0.00995	0.00710	0.19683	0.44764	0.01839	0.06458	0.01675	0.06074	0.00588	0.00431	0.00136	0.00362	0.02020	0.00398	0.00624

[dist]
# distance from previous block
# <min> <max>
0	1

[block]
# block no. 1 follows, 64 sequences, length 10
# corresponding to MSA columns:
# 311-320
name=unknown_B
#
# <colnr> <probs for GDERKNQSTAVLIFYWHMCP>
#	G	D	E	R	K	N	Q	S	T	A	V	L	I	F	Y	W	H	M	C	P
0	0.00861	0.00738	0.00861	0.00615	0.00984	0.00554	0.00492	0.01046	0.00861	0.01354	0.00738	0.00861	0.00615	0.00308	0.00308	0.00062	0.00308	0.00246	0.00246	0.87941
1	0.00920	0.07319	0.50095	0.02733	0.04651	0.00942	0.01189	0.06415	0.03428	0.04001	0.09608	0.01157	0.00951	0.00452	0.00396	0.00125	0.00511	0.00363	0.00244	0.04500
2	0.01103	0.72520	0.10845	0.00779	0.01156	0.05646	0.00804	0.01272	0.00864	0.01016	0.00599	0.00693	0.00532	0.00363	0.00286	0.00094	0.00478	0.00233	0.00179	0.00539
3	0.00604	0.00403	0.00453	0.00453	0.00453	0.00403	0.00252	0.00604	0.00604	0.00805	0.01309	0.02718	0.01510	0.85402	0.02114	0.00403	0.00403	0.00604	0.00252	0.00252
4	0.00664	0.00632	0.00563	0.00546	0.00699	0.09383	0.00416	0.00870	0.08051	0.01192	0.06680	0.03428	0.60098	0.00938	0.00476	0.00139	0.00285	0.04170	0.00373	0.00395
5	0.00603	0.00414	0.00555	0.00576	0.00630	0.00422	0.00406	0.00701	0.00772	0.03509	0.10380	0.29049	0.03826	0.19027	0.26798	0.00366	0.00544	0.00757	0.00319	0.00348
6	0.44838	0.17341	0.08966	0.00732	0.01030	0.09983	0.00671	0.01338	0.04449	0.03514	0.00676	0.00766	0.00536	0.00408	0.00334	0.00121	0.03299	0.00257	0.00241	0.00501
7	0.03183	0.04778	0.09652	0.01802	0.00949	0.03468	0.00638	0.01091	0.02458	0.13747	0.07529	0.16028	0.11027	0.04248	0.00560	0.00153	0.04128	0.09833	0.00346	0.04385
8	0.01014	0.13693	0.26253	0.01055	0.05413	0.05166	0.04910	0.02924	0.23179	0.03288	0.01032	0.02618	0.00804	0.00456	0.00403	0.00124	0.01850	0.00367	0.00268	0.05184
9	0.01001	0.17657	0.15265	0.00870	0.03480	0.04643	0.03520	0.07362	0.03548	0.06112	0.07112	0.03994	0.05232	0.04574	0.00490	0.00129	0.02759	0.00414	0.01914	0.09923

[dist]
# distance from previous block
# <min> <max>
0	67

# created by:
# /st0/software/busco_prod/Augustus/scripts/msa2prfl.pl ./align_prep/409719.fa
