[name]
unknown

[dist]
# distance from previous block
# <min> <max>
0	56

[block]
# block no. 0 follows, 54 sequences, length 7
# corresponding to MSA columns:
# 101-107
name=unknown_A
#
# <colnr> <probs for GDERKNQSTAVLIFYWHMCP>
#	G	D	E	R	K	N	Q	S	T	A	V	L	I	F	Y	W	H	M	C	P
0	0.03817	0.00590	0.00743	0.00783	0.00913	0.00593	0.00650	0.06892	0.01158	0.01558	0.10459	0.10292	0.09909	0.04202	0.00667	0.00203	0.00387	0.45294	0.00436	0.00453
1	0.01045	0.04608	0.08117	0.03810	0.30994	0.00977	0.06647	0.08490	0.01184	0.01649	0.16522	0.04611	0.01609	0.06939	0.00636	0.00169	0.00500	0.00554	0.00318	0.00621
2	0.01132	0.00788	0.00992	0.07601	0.04688	0.00820	0.00709	0.11107	0.16482	0.12321	0.21608	0.13666	0.02211	0.00794	0.00510	0.00154	0.00371	0.00687	0.00458	0.02902
3	0.02838	0.00600	0.00727	0.00707	0.00859	0.00593	0.00545	0.01228	0.13214	0.09011	0.25306	0.15657	0.11558	0.03349	0.00603	0.00176	0.00312	0.11737	0.00473	0.00505
4	0.01075	0.00926	0.01262	0.02829	0.01297	0.09279	0.14760	0.01307	0.03138	0.10090	0.15732	0.05651	0.05216	0.04271	0.08384	0.00229	0.09277	0.04384	0.00360	0.00532
5	0.08739	0.00533	0.00613	0.00646	0.00741	0.00538	0.00478	0.00926	0.04497	0.01395	0.07521	0.22608	0.08300	0.18208	0.00925	0.00235	0.00347	0.16055	0.06284	0.00411
6	0.00845	0.00490	0.00631	0.00633	0.00721	0.00491	0.00453	0.00970	0.00893	0.09916	0.01788	0.24264	0.01813	0.16883	0.20301	0.00356	0.00549	0.00751	0.16822	0.00431

[dist]
# distance from previous block
# <min> <max>
1	2

[block]
# block no. 1 follows, 54 sequences, length 10
# corresponding to MSA columns:
# 110-119
name=unknown_B
#
# <colnr> <probs for GDERKNQSTAVLIFYWHMCP>
#	G	D	E	R	K	N	Q	S	T	A	V	L	I	F	Y	W	H	M	C	P
0	0.00720	0.00542	0.00668	0.00672	0.00794	0.00497	0.00480	0.06065	0.01056	0.01441	0.09969	0.53087	0.08244	0.01192	0.00551	0.00165	0.00293	0.01062	0.00426	0.12075
1	0.01010	0.00574	0.00719	0.00680	0.00815	0.00546	0.00498	0.01210	0.06496	0.18849	0.11851	0.18584	0.06583	0.22252	0.01024	0.00243	0.00360	0.06776	0.00443	0.00488
2	0.00727	0.00489	0.00609	0.00635	0.00727	0.00463	0.00461	0.02511	0.00991	0.01426	0.10402	0.36739	0.02478	0.05826	0.01861	0.03107	0.00314	0.08170	0.15690	0.06376
3	0.01011	0.00560	0.00655	0.00605	0.00747	0.00549	0.00458	0.06655	0.01147	0.11328	0.16059	0.06162	0.02002	0.11078	0.00688	0.00177	0.00307	0.04769	0.34555	0.00488
4	0.09959	0.00722	0.04626	0.10755	0.01206	0.00703	0.05937	0.05471	0.00835	0.01245	0.00862	0.01306	0.00761	0.01123	0.01219	0.48337	0.00470	0.00404	0.03689	0.00372
5	0.04281	0.00966	0.02596	0.06571	0.27560	0.03508	0.00988	0.01691	0.06385	0.24778	0.05607	0.01728	0.01231	0.00578	0.00476	0.00147	0.00475	0.05912	0.00384	0.04141
6	0.22441	0.00916	0.05379	0.05485	0.01229	0.00874	0.00725	0.09251	0.05012	0.24645	0.09986	0.06368	0.01451	0.00656	0.00451	0.00153	0.00406	0.03511	0.00432	0.00628
7	0.00938	0.00793	0.01050	0.00968	0.06746	0.00780	0.07660	0.13452	0.05066	0.01694	0.11231	0.04528	0.30049	0.02666	0.00589	0.00158	0.02518	0.02691	0.00402	0.06019
8	0.15536	0.06699	0.11836	0.00826	0.01093	0.00860	0.06229	0.03198	0.00947	0.01575	0.03593	0.04108	0.01072	0.06459	0.07902	0.02105	0.02791	0.00448	0.19162	0.03559
9	0.02882	0.00550	0.00583	0.00541	0.00687	0.00563	0.00417	0.08236	0.01102	0.01834	0.05988	0.01764	0.01326	0.00769	0.05870	0.00159	0.00325	0.00458	0.63011	0.02937

[dist]
# distance from previous block
# <min> <max>
0	1

[block]
# block no. 2 follows, 54 sequences, length 13
# corresponding to MSA columns:
# 121-133
name=unknown_C
#
# <colnr> <probs for GDERKNQSTAVLIFYWHMCP>
#	G	D	E	R	K	N	Q	S	T	A	V	L	I	F	Y	W	H	M	C	P
0	0.01359	0.01247	0.01132	0.01839	0.02449	0.22319	0.01972	0.21654	0.02926	0.05078	0.01400	0.04224	0.06794	0.09237	0.06704	0.00215	0.02471	0.00495	0.01417	0.05067
1	0.16962	0.08670	0.01378	0.10184	0.02573	0.03420	0.04907	0.32204	0.03630	0.02136	0.03575	0.02771	0.01799	0.00548	0.00447	0.00143	0.01780	0.00422	0.01805	0.00647
2	0.00859	0.00446	0.00470	0.00470	0.00578	0.00454	0.00355	0.01074	0.00967	0.01694	0.01512	0.01767	0.01206	0.00837	0.08160	0.00172	0.00320	0.00446	0.77777	0.00438
3	0.00988	0.13640	0.24624	0.20193	0.01962	0.01180	0.06111	0.01307	0.00946	0.02299	0.02547	0.01238	0.00785	0.00724	0.05931	0.00192	0.11533	0.01541	0.01676	0.00584
4	0.00684	0.00522	0.00666	0.00681	0.00809	0.00453	0.00489	0.00807	0.00934	0.01298	0.02168	0.57933	0.02508	0.01194	0.00544	0.00164	0.00303	0.06379	0.00399	0.21064
5	0.01192	0.01007	0.01142	0.01004	0.03776	0.02721	0.03921	0.12434	0.42997	0.03310	0.05919	0.01834	0.07148	0.00638	0.00477	0.00146	0.00406	0.00536	0.00437	0.08953
6	0.01579	0.01940	0.01224	0.01125	0.01347	0.66109	0.00841	0.01783	0.06462	0.01250	0.05047	0.07081	0.01044	0.00593	0.00448	0.00131	0.00744	0.00423	0.00287	0.00543
7	0.00693	0.00572	0.00667	0.00705	0.04654	0.00537	0.00505	0.00978	0.09379	0.01507	0.20618	0.03924	0.45044	0.01057	0.00552	0.00161	0.00281	0.07253	0.00450	0.00465
8	0.01271	0.01084	0.01114	0.00938	0.01242	0.05254	0.00740	0.17533	0.43442	0.02056	0.05361	0.01546	0.01296	0.00586	0.00458	0.00139	0.00416	0.00474	0.00435	0.14616
9	0.00638	0.00531	0.00558	0.00547	0.00704	0.00483	0.00412	0.00882	0.08657	0.01389	0.11493	0.04135	0.60172	0.04486	0.00628	0.00172	0.00264	0.02975	0.00443	0.00432
10	0.01507	0.00943	0.01195	0.00986	0.03769	0.00928	0.04548	0.14059	0.18361	0.27693	0.07531	0.01590	0.01317	0.00574	0.00467	0.00138	0.00417	0.00482	0.00467	0.13027
11	0.00648	0.00470	0.00611	0.00599	0.00698	0.00433	0.00440	0.00843	0.01253	0.01753	0.64438	0.16733	0.07198	0.01058	0.00564	0.00156	0.00232	0.00939	0.00502	0.00433
12	0.00974	0.02124	0.62409	0.06852	0.07913	0.01103	0.09117	0.01472	0.01009	0.01479	0.00859	0.01052	0.00622	0.00443	0.00461	0.00150	0.00692	0.00378	0.00206	0.00683

[dist]
# distance from previous block
# <min> <max>
0	2

[block]
# block no. 3 follows, 54 sequences, length 8
# corresponding to MSA columns:
# 136-143
name=unknown_D
#
# <colnr> <probs for GDERKNQSTAVLIFYWHMCP>
#	G	D	E	R	K	N	Q	S	T	A	V	L	I	F	Y	W	H	M	C	P
0	0.16350	0.08451	0.44996	0.01091	0.01606	0.01144	0.01252	0.10755	0.01099	0.01731	0.00956	0.06796	0.00787	0.00530	0.00422	0.00147	0.00570	0.00404	0.00266	0.00647
1	0.01106	0.00610	0.00613	0.00603	0.00731	0.00579	0.00436	0.01260	0.01131	0.01954	0.01738	0.02040	0.01402	0.00695	0.00430	0.00152	0.00303	0.00511	0.83147	0.00559
2	0.46379	0.04336	0.07753	0.17920	0.01558	0.01096	0.00841	0.03220	0.00919	0.06889	0.00798	0.00964	0.00601	0.00476	0.00421	0.00150	0.04515	0.00323	0.00282	0.00559
3	0.13383	0.00707	0.00804	0.06522	0.02764	0.00746	0.00563	0.09188	0.04127	0.02823	0.01623	0.08788	0.07789	0.26829	0.04900	0.00275	0.00459	0.02032	0.00338	0.05341
4	0.01074	0.00789	0.00848	0.00801	0.04990	0.06437	0.03257	0.09575	0.05899	0.01831	0.05832	0.01629	0.01246	0.00551	0.00390	0.00120	0.00352	0.00450	0.47853	0.06077
5	0.04815	0.01023	0.18561	0.00987	0.09655	0.00705	0.00832	0.01012	0.01044	0.01427	0.07674	0.04757	0.38952	0.00891	0.00548	0.00158	0.03243	0.02849	0.00353	0.00515
6	0.01192	0.01050	0.05150	0.00905	0.01176	0.04556	0.00744	0.24476	0.19173	0.01980	0.06761	0.09682	0.05168	0.05442	0.00601	0.00168	0.00435	0.04191	0.00422	0.06729
7	0.00636	0.00503	0.00577	0.00561	0.00702	0.00454	0.00426	0.00850	0.04199	0.01571	0.37008	0.04026	0.41600	0.01078	0.00558	0.00157	0.00245	0.03943	0.00474	0.00433

[dist]
# distance from previous block
# <min> <max>
0	2

[block]
# block no. 4 follows, 54 sequences, length 13
# corresponding to MSA columns:
# 146-158
name=unknown_E
#
# <colnr> <probs for GDERKNQSTAVLIFYWHMCP>
#	G	D	E	R	K	N	Q	S	T	A	V	L	I	F	Y	W	H	M	C	P
0	0.01185	0.01015	0.01074	0.00952	0.01229	0.01158	0.00743	0.05103	0.73300	0.01987	0.01842	0.01701	0.01383	0.00624	0.00473	0.00155	0.00377	0.00518	0.00470	0.04711
1	0.01077	0.00753	0.07453	0.00746	0.00929	0.00633	0.00614	0.06014	0.06816	0.13593	0.04284	0.01922	0.11861	0.01151	0.01109	0.39325	0.00407	0.00519	0.00342	0.00450
2	0.00879	0.00439	0.00439	0.00439	0.00549	0.00439	0.00330	0.01099	0.00989	0.01758	0.01538	0.01758	0.01209	0.00549	0.00330	0.00110	0.00220	0.00439	0.86047	0.00439
3	0.06165	0.01020	0.06842	0.00909	0.01258	0.00928	0.00788	0.18209	0.08451	0.38569	0.05371	0.01541	0.01200	0.00774	0.05617	0.00185	0.00489	0.00469	0.00484	0.00733
4	0.86760	0.00912	0.00693	0.00620	0.00912	0.01058	0.00511	0.01386	0.00802	0.02115	0.00657	0.00766	0.00511	0.00438	0.00292	0.00146	0.00365	0.00255	0.00292	0.00511
5	0.00743	0.00616	0.00990	0.00902	0.01011	0.00664	0.10830	0.00905	0.00854	0.01212	0.01594	0.26182	0.01679	0.05626	0.32171	0.00416	0.07591	0.00760	0.04813	0.00441
6	0.00879	0.00439	0.00439	0.00439	0.00549	0.00439	0.00330	0.01099	0.00989	0.01758	0.01538	0.01758	0.01209	0.00549	0.00330	0.00110	0.00220	0.00439	0.86047	0.00439
7	0.00797	0.00679	0.03154	0.03795	0.06629	0.00698	0.03215	0.00940	0.00813	0.01172	0.01254	0.06759	0.01253	0.20392	0.27507	0.03118	0.07863	0.00559	0.04771	0.04633
8	0.01197	0.01125	0.01174	0.01043	0.01285	0.09393	0.03788	0.02207	0.57817	0.01771	0.01684	0.01781	0.01328	0.00666	0.00575	0.00163	0.07224	0.04673	0.00421	0.00686
9	0.00998	0.01258	0.16579	0.28060	0.14727	0.01072	0.15759	0.01445	0.07497	0.01458	0.03305	0.01431	0.00900	0.00499	0.00491	0.00155	0.00623	0.02863	0.00255	0.00625
10	0.06646	0.66625	0.13785	0.00873	0.01312	0.01702	0.00924	0.01422	0.00954	0.01229	0.00683	0.00792	0.00598	0.00412	0.00323	0.00111	0.00523	0.00266	0.00207	0.00612
11	0.01309	0.01041	0.01237	0.10148	0.01536	0.01012	0.00850	0.10767	0.06303	0.01897	0.03671	0.23154	0.01791	0.00989	0.00709	0.00205	0.07420	0.00749	0.00464	0.24749
12	0.01149	0.00900	0.00875	0.00775	0.00966	0.13800	0.00592	0.06964	0.05463	0.12754	0.37310	0.04082	0.06699	0.04842	0.00604	0.00160	0.00392	0.00671	0.00460	0.00542

[dist]
# distance from previous block
# <min> <max>
3	9

[block]
# block no. 5 follows, 54 sequences, length 9
# corresponding to MSA columns:
# 168-176
name=unknown_F
#
# <colnr> <probs for GDERKNQSTAVLIFYWHMCP>
#	G	D	E	R	K	N	Q	S	T	A	V	L	I	F	Y	W	H	M	C	P
0	0.01123	0.12060	0.01302	0.19105	0.05595	0.05238	0.02842	0.01419	0.06935	0.12456	0.10177	0.05009	0.08151	0.00767	0.03112	0.00167	0.00497	0.03115	0.00355	0.00575
1	0.01082	0.00987	0.05942	0.07089	0.09132	0.00873	0.02826	0.13509	0.05489	0.01675	0.01113	0.08703	0.00982	0.00624	0.00544	0.06631	0.00449	0.00459	0.00314	0.31578
2	0.01324	0.06272	0.03434	0.06784	0.03786	0.23233	0.03100	0.10017	0.02862	0.05880	0.01218	0.01405	0.06604	0.03470	0.03904	0.00176	0.09951	0.00431	0.00300	0.05850
3	0.03860	0.00885	0.06669	0.01078	0.10491	0.02060	0.05296	0.04156	0.07866	0.04892	0.19172	0.02421	0.15281	0.03047	0.09229	0.00224	0.01805	0.00636	0.00379	0.00554
4	0.01113	0.01272	0.02782	0.01987	0.02464	0.01192	0.78776	0.01510	0.01113	0.01510	0.00954	0.01272	0.00715	0.00397	0.00556	0.00159	0.00795	0.00556	0.00238	0.00636
5	0.08407	0.04520	0.06364	0.03743	0.25280	0.09438	0.14101	0.04122	0.04313	0.01521	0.00883	0.01126	0.00721	0.00594	0.03356	0.00171	0.10034	0.00413	0.00252	0.00638
6	0.01000	0.00743	0.00841	0.00754	0.00963	0.00777	0.00584	0.04854	0.31238	0.07835	0.29188	0.02764	0.14854	0.00831	0.00517	0.00154	0.00309	0.00706	0.00494	0.00595
7	0.00879	0.00439	0.00439	0.00439	0.00549	0.00439	0.00330	0.01099	0.00989	0.01758	0.01538	0.01758	0.01209	0.00549	0.00330	0.00110	0.00220	0.00439	0.86047	0.00439
8	0.01403	0.01397	0.01163	0.01026	0.01295	0.25335	0.00794	0.13297	0.40155	0.01829	0.01618	0.01561	0.05815	0.00616	0.00467	0.00146	0.00530	0.00476	0.00405	0.00673

[dist]
# distance from previous block
# <min> <max>
0	1

[block]
# block no. 6 follows, 54 sequences, length 16
# corresponding to MSA columns:
# 178-193
name=unknown_G
#
# <colnr> <probs for GDERKNQSTAVLIFYWHMCP>
#	G	D	E	R	K	N	Q	S	T	A	V	L	I	F	Y	W	H	M	C	P
0	0.21676	0.01036	0.01485	0.12315	0.43418	0.01114	0.01140	0.04806	0.05704	0.01723	0.00897	0.01116	0.00719	0.00450	0.00426	0.00145	0.00509	0.00387	0.00269	0.00664
1	0.01178	0.29701	0.43409	0.01130	0.01671	0.07983	0.01304	0.03462	0.01053	0.03943	0.00812	0.00926	0.00624	0.00443	0.00399	0.00130	0.00631	0.00318	0.00223	0.00660
2	0.00700	0.00433	0.00585	0.00603	0.00647	0.00411	0.00414	0.00689	0.00876	0.01176	0.17815	0.21622	0.09734	0.04690	0.01186	0.36640	0.00325	0.00788	0.00350	0.00318
3	0.01041	0.00807	0.00914	0.00809	0.01020	0.00862	0.00637	0.17622	0.23285	0.02069	0.32333	0.04109	0.06409	0.00831	0.00524	0.00155	0.00340	0.05144	0.00488	0.00599
4	0.00694	0.00532	0.00784	0.00772	0.00848	0.00630	0.00599	0.00850	0.00752	0.01088	0.01238	0.01868	0.01174	0.07374	0.73151	0.00712	0.05753	0.00509	0.00252	0.00420
5	0.01131	0.02232	0.63413	0.01608	0.10140	0.01161	0.05450	0.01572	0.01116	0.01644	0.01096	0.01454	0.00874	0.00591	0.00534	0.00182	0.00724	0.04038	0.00273	0.00767
6	0.01078	0.00969	0.04575	0.00944	0.03255	0.01011	0.00739	0.06512	0.50688	0.01933	0.16869	0.02075	0.01939	0.04575	0.00582	0.00170	0.00376	0.00584	0.00459	0.00668
7	0.00776	0.00632	0.00890	0.01051	0.15684	0.00620	0.00659	0.01049	0.05295	0.01662	0.42309	0.02978	0.12622	0.01144	0.08850	0.00213	0.00407	0.02224	0.00424	0.00509
8	0.01038	0.01167	0.09756	0.14030	0.24210	0.03124	0.08355	0.01393	0.06671	0.01389	0.00948	0.01258	0.00782	0.00845	0.09284	0.00223	0.14227	0.00438	0.00242	0.00620
9	0.00625	0.00487	0.00554	0.00569	0.00677	0.00447	0.00404	0.00801	0.04961	0.01363	0.16942	0.22918	0.36551	0.09633	0.00753	0.00196	0.00273	0.00998	0.00438	0.00408
10	0.01060	0.09291	0.08597	0.01058	0.09418	0.00906	0.03578	0.04028	0.02775	0.01549	0.00864	0.01010	0.00705	0.00387	0.00380	0.00095	0.00440	0.00318	0.00269	0.53271
11	0.73095	0.04599	0.00849	0.00692	0.00989	0.06957	0.00570	0.04892	0.00911	0.02041	0.00683	0.00788	0.00535	0.00445	0.00310	0.00142	0.00413	0.00266	0.00292	0.00530
12	0.00879	0.00439	0.00439	0.00439	0.00549	0.00439	0.00330	0.01099	0.00989	0.01758	0.01538	0.01758	0.01209	0.00549	0.00330	0.00110	0.00220	0.00439	0.86047	0.00439
13	0.06057	0.00829	0.01014	0.02554	0.01185	0.00685	0.00622	0.01603	0.01103	0.30463	0.01201	0.01201	0.00858	0.00442	0.00394	0.00104	0.00375	0.00352	0.00389	0.48568
14	0.06939	0.08101	0.16189	0.02432	0.03333	0.03821	0.01777	0.07889	0.01142	0.14586	0.06720	0.03072	0.03878	0.00626	0.00596	0.00150	0.11559	0.02388	0.00340	0.04461
15	0.27984	0.02883	0.05053	0.05588	0.01417	0.08133	0.07844	0.04145	0.00947	0.04365	0.00762	0.00982	0.00620	0.00560	0.00723	0.00160	0.24317	0.00360	0.00263	0.02894

[dist]
# distance from previous block
# <min> <max>
0	4

[block]
# block no. 7 follows, 54 sequences, length 22
# corresponding to MSA columns:
# 198-219
name=unknown_H
#
# <colnr> <probs for GDERKNQSTAVLIFYWHMCP>
#	G	D	E	R	K	N	Q	S	T	A	V	L	I	F	Y	W	H	M	C	P
0	0.00721	0.00500	0.00673	0.00655	0.00744	0.00522	0.00483	0.00863	0.00909	0.04269	0.18187	0.02644	0.07645	0.19441	0.39073	0.00501	0.00769	0.00650	0.00341	0.00411
1	0.01304	0.01018	0.01103	0.00929	0.01209	0.01120	0.00732	0.28003	0.36116	0.03331	0.06661	0.05504	0.01468	0.04362	0.00567	0.00163	0.00411	0.00548	0.00460	0.04989
2	0.00663	0.00503	0.00732	0.00732	0.00823	0.00572	0.00568	0.00827	0.00787	0.01111	0.01585	0.02099	0.08437	0.03321	0.74130	0.00703	0.01169	0.00550	0.00270	0.00419
3	0.00978	0.00838	0.00978	0.00698	0.01117	0.00629	0.00559	0.01187	0.00978	0.01536	0.00838	0.00978	0.00698	0.00349	0.00349	0.00070	0.00349	0.00279	0.00279	0.86312
4	0.00713	0.00492	0.00645	0.00601	0.00720	0.00453	0.00453	0.00934	0.01335	0.04378	0.77769	0.03462	0.04345	0.00952	0.00554	0.00148	0.00228	0.00841	0.00521	0.00456
5	0.02054	0.00804	0.01088	0.00831	0.01199	0.00690	0.00686	0.02238	0.01329	0.76535	0.01805	0.01571	0.01142	0.00571	0.00467	0.00142	0.00398	0.00464	0.00567	0.05419
6	0.01032	0.00874	0.01072	0.06932	0.10394	0.00964	0.00802	0.06766	0.37787	0.01731	0.01986	0.15918	0.06290	0.00807	0.00511	0.00164	0.00401	0.04512	0.00419	0.00635
7	0.07632	0.06411	0.23969	0.01332	0.09873	0.06859	0.03194	0.27237	0.01415	0.03209	0.00922	0.01036	0.00689	0.00499	0.00481	0.00143	0.03711	0.00376	0.00311	0.00701
8	0.00879	0.00439	0.00439	0.00439	0.00549	0.00439	0.00330	0.01099	0.00989	0.01758	0.01538	0.01758	0.01209	0.00549	0.00330	0.00110	0.00220	0.00439	0.86047	0.00439
9	0.01064	0.08905	0.15847	0.03918	0.11245	0.05308	0.03467	0.01293	0.00888	0.01258	0.00763	0.01078	0.00671	0.00816	0.06514	0.00209	0.35564	0.00393	0.00214	0.00584
10	0.00876	0.00438	0.00448	0.00448	0.00552	0.00438	0.00333	0.01076	0.00971	0.01713	0.01504	0.01743	0.01190	0.00601	0.00401	0.04186	0.00229	0.00438	0.81987	0.00428
11	0.23826	0.05455	0.08889	0.04089	0.05632	0.07182	0.00846	0.10537	0.03024	0.11251	0.04930	0.01365	0.05502	0.00568	0.00477	0.00146	0.04908	0.00415	0.00343	0.00615
12	0.05907	0.00994	0.01585	0.06477	0.21502	0.01832	0.16963	0.03179	0.10138	0.12017	0.05298	0.04148	0.03084	0.00573	0.00492	0.00152	0.00521	0.02800	0.00348	0.01990
13	0.00865	0.00442	0.00452	0.00449	0.00559	0.00440	0.00337	0.01085	0.01011	0.01766	0.06613	0.01872	0.01417	0.00576	0.00344	0.00112	0.00220	0.00466	0.80532	0.00440
14	0.01428	0.37917	0.01855	0.01148	0.08557	0.30259	0.00888	0.05739	0.01193	0.01308	0.05096	0.01000	0.00840	0.00474	0.00385	0.00117	0.00619	0.00328	0.00251	0.00599
15	0.03247	0.01097	0.08788	0.04916	0.01345	0.01048	0.00840	0.25338	0.21009	0.02050	0.05961	0.07872	0.06864	0.00725	0.00492	0.00154	0.00439	0.04181	0.00420	0.03212
16	0.05613	0.53145	0.13302	0.01119	0.09436	0.05395	0.01001	0.01439	0.00978	0.01262	0.00708	0.00846	0.00614	0.00430	0.00384	0.00118	0.03086	0.00290	0.00211	0.00622
17	0.01440	0.01261	0.01186	0.01004	0.01288	0.14232	0.00794	0.33145	0.24242	0.02142	0.02696	0.03483	0.05030	0.00796	0.04924	0.00180	0.00547	0.00497	0.00423	0.00688
18	0.01135	0.00970	0.01038	0.00951	0.01203	0.01115	0.00748	0.02365	0.72424	0.01921	0.01972	0.02086	0.01556	0.00701	0.00496	0.00165	0.00379	0.07583	0.00476	0.00718
19	0.01203	0.63904	0.04499	0.00831	0.01187	0.01643	0.00803	0.05586	0.01020	0.01252	0.04502	0.01053	0.00860	0.04013	0.02711	0.00144	0.03638	0.00324	0.00237	0.00589
20	0.00875	0.00438	0.00451	0.00451	0.00554	0.00438	0.00335	0.01067	0.00965	0.01697	0.01492	0.01737	0.01183	0.00620	0.00427	0.05667	0.00232	0.00438	0.80511	0.00424
21	0.24495	0.04789	0.01134	0.00996	0.05532	0.04988	0.00752	0.12421	0.36257	0.02046	0.01301	0.01285	0.00987	0.00545	0.00416	0.00148	0.00429	0.00413	0.00391	0.00674

[dist]
# distance from previous block
# <min> <max>
0	1

[block]
# block no. 8 follows, 54 sequences, length 10
# corresponding to MSA columns:
# 221-230
name=unknown_I
#
# <colnr> <probs for GDERKNQSTAVLIFYWHMCP>
#	G	D	E	R	K	N	Q	S	T	A	V	L	I	F	Y	W	H	M	C	P
0	0.01013	0.00753	0.01075	0.33005	0.01857	0.00834	0.00874	0.08996	0.04252	0.08709	0.23240	0.07757	0.02021	0.00728	0.00510	0.00156	0.00444	0.02837	0.00388	0.00551
1	0.00828	0.00683	0.00897	0.13391	0.02209	0.03773	0.04524	0.05086	0.00944	0.01222	0.01718	0.13995	0.06635	0.30218	0.05456	0.01384	0.00520	0.05779	0.00318	0.00421
2	0.23758	0.01094	0.01076	0.00908	0.01159	0.08361	0.00732	0.19850	0.06763	0.06816	0.07563	0.03705	0.01116	0.00621	0.00578	0.00151	0.11863	0.00437	0.00372	0.03079
3	0.15132	0.00907	0.11647	0.00875	0.01119	0.00735	0.04541	0.01213	0.06178	0.05618	0.01796	0.28690	0.01861	0.00942	0.00512	0.00172	0.00414	0.13687	0.00376	0.03585
4	0.18717	0.23464	0.08345	0.00995	0.01357	0.04318	0.11541	0.01553	0.07491	0.09000	0.01104	0.08215	0.00942	0.00547	0.00409	0.00140	0.00505	0.00444	0.00306	0.00606
5	0.00928	0.00780	0.00886	0.00732	0.01023	0.00714	0.00569	0.01424	0.21978	0.01666	0.13290	0.06159	0.08146	0.00646	0.00445	0.00119	0.00324	0.00546	0.00390	0.39235
6	0.01399	0.03453	0.01150	0.02024	0.03058	0.07193	0.00728	0.29094	0.06678	0.07580	0.01257	0.05238	0.00997	0.00560	0.00429	0.00126	0.00445	0.00442	0.12309	0.15843
7	0.04378	0.00911	0.01182	0.00983	0.01219	0.01009	0.07532	0.26731	0.07818	0.01913	0.06721	0.01627	0.01230	0.02944	0.28716	0.00366	0.03259	0.00500	0.00361	0.00598
8	0.01012	0.00593	0.00609	0.00561	0.00716	0.00624	0.00433	0.10393	0.08007	0.01920	0.01524	0.01684	0.01181	0.00559	0.00359	0.00118	0.00268	0.00446	0.68483	0.00509
9	0.01342	0.07898	0.01279	0.00957	0.01210	0.05115	0.00780	0.35646	0.01497	0.02028	0.01224	0.13237	0.01113	0.00704	0.00608	0.00147	0.12022	0.00529	0.06048	0.06616

[dist]
# distance from previous block
# <min> <max>
0	21

# created by:
# /st0/software/busco_prod/Augustus/scripts/msa2prfl.pl ./align_prep/413149.fa
