[name]
unknown

[dist]
# distance from previous block
# <min> <max>
10	231

[block]
# block no. 0 follows, 66 sequences, length 22
# corresponding to MSA columns:
# 235-256
name=unknown_A
#
# <colnr> <probs for GDERKNQSTAVLIFYWHMCP>
#	G	D	E	R	K	N	Q	S	T	A	V	L	I	F	Y	W	H	M	C	P
0	0.00974	0.00998	0.04710	0.14116	0.64802	0.02890	0.03155	0.01227	0.00911	0.01274	0.00754	0.01005	0.00620	0.00370	0.00403	0.00123	0.00505	0.00359	0.00197	0.00607
1	0.00803	0.00743	0.00761	0.00854	0.11487	0.15022	0.00518	0.00879	0.00742	0.00921	0.01063	0.01911	0.01116	0.44641	0.16532	0.00355	0.00590	0.00475	0.00228	0.00358
2	0.01432	0.00940	0.01044	0.00815	0.01111	0.00990	0.00668	0.52195	0.03667	0.18170	0.01521	0.01449	0.11562	0.00559	0.00414	0.00124	0.00389	0.00438	0.00418	0.02091
3	0.00895	0.09372	0.45199	0.01282	0.01773	0.02950	0.28139	0.01274	0.00892	0.01247	0.00778	0.02940	0.00601	0.00389	0.00408	0.00128	0.00607	0.00371	0.00189	0.00565
4	0.00757	0.00459	0.00723	0.00869	0.14881	0.00459	0.00507	0.00653	0.00597	0.00812	0.00715	0.01193	0.00694	0.01228	0.01380	0.72907	0.00375	0.00354	0.00180	0.00257
5	0.00946	0.01310	0.26630	0.02084	0.58391	0.00957	0.01322	0.01257	0.00903	0.01313	0.00752	0.00959	0.00603	0.00369	0.00397	0.00123	0.00518	0.00343	0.00192	0.00630
6	0.00650	0.11618	0.00681	0.00490	0.00552	0.00549	0.00331	0.00702	0.00722	0.00960	0.15390	0.04202	0.01784	0.58026	0.01520	0.00302	0.00360	0.00578	0.00274	0.00307
7	0.00913	0.00868	0.01432	0.02129	0.68862	0.00856	0.01082	0.01130	0.00924	0.01286	0.01344	0.01508	0.14947	0.00477	0.00415	0.00123	0.00434	0.00447	0.00231	0.00591
8	0.00517	0.00388	0.00519	0.00561	0.00621	0.00356	0.02211	0.00619	0.00865	0.01152	0.16469	0.58559	0.13372	0.01141	0.00505	0.00154	0.00234	0.01026	0.00385	0.00345
9	0.00880	0.00620	0.00679	0.00592	0.00691	0.00657	0.00406	0.25352	0.00991	0.01326	0.01186	0.02143	0.01236	0.59765	0.01559	0.00311	0.00410	0.00522	0.00295	0.00381
10	0.00824	0.00756	0.01260	0.43272	0.28757	0.00846	0.01083	0.01071	0.00869	0.01162	0.00983	0.01663	0.00886	0.00515	0.00431	0.00139	0.00493	0.14269	0.00221	0.00500
11	0.00775	0.00741	0.15014	0.00650	0.00860	0.00505	0.00603	0.01004	0.01082	0.12271	0.53743	0.05210	0.04453	0.00728	0.00454	0.00129	0.00284	0.00632	0.00402	0.00458
12	0.00821	0.00773	0.01267	0.40449	0.33110	0.00844	0.01050	0.01056	0.00870	0.01161	0.01181	0.01417	0.11399	0.00468	0.00411	0.00128	0.00469	0.00423	0.00215	0.02488
13	0.01241	0.00948	0.01073	0.00871	0.01102	0.01060	0.00704	0.53240	0.01491	0.02026	0.01123	0.15625	0.01011	0.00643	0.00542	0.00134	0.11489	0.00495	0.00363	0.04820
14	0.00717	0.00626	0.00632	0.00649	0.00728	0.11407	0.00486	0.01881	0.00822	0.01019	0.01698	0.13210	0.07892	0.22063	0.15397	0.00300	0.00520	0.19310	0.00295	0.00349
15	0.03008	0.01821	0.66989	0.01084	0.01622	0.00886	0.03317	0.01362	0.00902	0.12084	0.02667	0.00975	0.00653	0.00409	0.00390	0.00128	0.00553	0.00326	0.00224	0.00602
16	0.00983	0.00912	0.01373	0.09664	0.49416	0.00973	0.01041	0.01517	0.26984	0.01417	0.01043	0.01174	0.00824	0.00426	0.00406	0.00127	0.00436	0.00392	0.00267	0.00625
17	0.01258	0.01150	0.26138	0.04329	0.01321	0.00769	0.00888	0.02835	0.11317	0.34965	0.02220	0.01191	0.00859	0.00454	0.00393	0.00122	0.00423	0.00368	0.00351	0.08650
18	0.00808	0.01937	0.00800	0.00604	0.00889	0.00556	0.00476	0.04354	0.03045	0.01411	0.15143	0.07231	0.01328	0.00476	0.00353	0.00084	0.00286	0.00401	0.00296	0.59522
19	0.00769	0.02089	0.11618	0.00697	0.00899	0.00599	0.00607	0.12085	0.01031	0.02828	0.16481	0.33681	0.02039	0.00830	0.00450	0.00135	0.00320	0.02751	0.00351	0.09741
20	0.04188	0.09454	0.15865	0.00805	0.01825	0.02401	0.03060	0.03340	0.15093	0.02292	0.13864	0.01297	0.01196	0.00467	0.00384	0.00109	0.01647	0.00379	0.00288	0.22044
21	0.07500	0.10280	0.09174	0.02533	0.03183	0.03142	0.00727	0.15123	0.14393	0.10696	0.02717	0.01053	0.00802	0.00432	0.00359	0.00110	0.00397	0.00334	0.00314	0.16731

[dist]
# distance from previous block
# <min> <max>
38	57

[block]
# block no. 1 follows, 66 sequences, length 34
# corresponding to MSA columns:
# 329-362
name=unknown_B
#
# <colnr> <probs for GDERKNQSTAVLIFYWHMCP>
#	G	D	E	R	K	N	Q	S	T	A	V	L	I	F	Y	W	H	M	C	P
0	0.05558	0.12078	0.14544	0.02153	0.19969	0.04530	0.00877	0.03823	0.03006	0.06658	0.03331	0.06814	0.00858	0.00453	0.00367	0.00112	0.00430	0.00374	0.00252	0.13813
1	0.19694	0.03855	0.02676	0.06428	0.35448	0.11129	0.00925	0.06582	0.00941	0.01428	0.00698	0.00876	0.00570	0.00394	0.00394	0.00120	0.03764	0.00309	0.00224	0.03545
2	0.06774	0.14022	0.07571	0.12917	0.03442	0.12931	0.05249	0.11875	0.00987	0.01294	0.00823	0.02601	0.00724	0.09594	0.01655	0.01319	0.00507	0.01373	0.00235	0.04104
3	0.01013	0.03646	0.04872	0.28496	0.01679	0.00929	0.05221	0.05770	0.04281	0.13714	0.03407	0.02094	0.00808	0.03246	0.00639	0.00147	0.16897	0.00396	0.01328	0.01416
4	0.03020	0.18384	0.02085	0.00736	0.03663	0.10172	0.00576	0.03744	0.04630	0.03697	0.26964	0.05324	0.02748	0.07687	0.00564	0.00143	0.02817	0.02278	0.00316	0.00452
5	0.01099	0.55485	0.07994	0.00840	0.01180	0.06005	0.06125	0.04082	0.02047	0.03870	0.01643	0.00792	0.00601	0.00388	0.00356	0.00102	0.04424	0.00271	0.00205	0.02493
6	0.19445	0.00598	0.03160	0.05202	0.02440	0.00581	0.02268	0.00893	0.02266	0.01347	0.10986	0.25641	0.04646	0.00832	0.00438	0.00146	0.00316	0.14414	0.00329	0.04055
7	0.01063	0.01057	0.04234	0.02215	0.67137	0.04449	0.03348	0.07964	0.02078	0.01417	0.00787	0.00995	0.00644	0.00377	0.00402	0.00121	0.00497	0.00360	0.00220	0.00635
8	0.01032	0.04196	0.01746	0.07286	0.01109	0.00662	0.07312	0.06308	0.05414	0.23081	0.01722	0.29043	0.05323	0.00771	0.00452	0.00141	0.00358	0.03166	0.00374	0.00505
9	0.01655	0.00922	0.06463	0.27967	0.09247	0.00896	0.28859	0.02520	0.00903	0.01226	0.02766	0.05127	0.00878	0.00488	0.00466	0.00140	0.02334	0.06418	0.00224	0.00501
10	0.02677	0.25159	0.49394	0.01048	0.04879	0.01139	0.01181	0.06590	0.00921	0.01295	0.01856	0.00840	0.00578	0.00387	0.00351	0.00116	0.00527	0.00288	0.00194	0.00579
11	0.00844	0.00887	0.07359	0.01175	0.21723	0.09815	0.00788	0.01088	0.05985	0.02757	0.01852	0.11311	0.16457	0.00746	0.00454	0.00141	0.00408	0.15426	0.00302	0.00482
12	0.01205	0.27677	0.24255	0.03348	0.03404	0.01039	0.04281	0.01454	0.00947	0.25792	0.02318	0.01006	0.00726	0.00414	0.00360	0.00115	0.00464	0.00324	0.00278	0.00593
13	0.01037	0.00887	0.07706	0.02344	0.01030	0.05568	0.00644	0.04218	0.30926	0.15482	0.05251	0.01981	0.19020	0.00638	0.00425	0.00132	0.00351	0.01419	0.00385	0.00556
14	0.00888	0.00888	0.01243	0.01065	0.01065	0.01243	0.00888	0.00976	0.00621	0.00976	0.00533	0.00888	0.00533	0.00710	0.01331	0.00178	0.84999	0.00355	0.00178	0.00444
15	0.00789	0.00769	0.01428	0.03235	0.04214	0.00744	0.35312	0.01064	0.03627	0.01246	0.01737	0.02638	0.12785	0.00707	0.00510	0.00153	0.01556	0.26731	0.00290	0.00464
16	0.01470	0.05977	0.02604	0.00862	0.02909	0.26193	0.00678	0.03385	0.06564	0.35536	0.03235	0.06732	0.01002	0.00524	0.00395	0.00120	0.00466	0.00409	0.00363	0.00576
17	0.01133	0.01271	0.01144	0.08073	0.06611	0.36636	0.01887	0.03558	0.00961	0.01103	0.04408	0.04925	0.00810	0.00599	0.02317	0.00142	0.21490	0.00374	0.02092	0.00466
18	0.00494	0.00356	0.00468	0.00558	0.00587	0.00330	0.00374	0.00566	0.00783	0.01038	0.02320	0.81836	0.06270	0.01260	0.00516	0.00164	0.00234	0.01140	0.00377	0.00330
19	0.00857	0.00895	0.03371	0.43227	0.14305	0.00939	0.26208	0.01148	0.00882	0.01179	0.02591	0.01113	0.00652	0.00388	0.00429	0.00133	0.00570	0.00404	0.00197	0.00510
20	0.02862	0.00972	0.03016	0.04545	0.03106	0.08865	0.16123	0.08813	0.02361	0.01337	0.00824	0.01054	0.00670	0.00510	0.00675	0.00136	0.26600	0.00373	0.16668	0.00488
21	0.00505	0.00359	0.00474	0.00563	0.00587	0.00337	0.00376	0.00574	0.00770	0.01025	0.02174	0.77994	0.02598	0.06535	0.00616	0.00180	0.00249	0.03391	0.00368	0.00326
22	0.00756	0.00378	0.00378	0.00378	0.00473	0.00378	0.00284	0.00945	0.00851	0.01513	0.01324	0.01513	0.01040	0.00473	0.00284	0.00095	0.00189	0.00378	0.87994	0.00378
23	0.00766	0.00721	0.01217	0.84767	0.02794	0.00901	0.01127	0.01037	0.00811	0.01037	0.00721	0.01082	0.00541	0.00406	0.00406	0.00135	0.00541	0.00361	0.00180	0.00451
24	0.00487	0.00391	0.00434	0.00465	0.00563	0.00339	0.00333	0.00580	0.00879	0.01087	0.05153	0.31529	0.54128	0.01106	0.00492	0.00146	0.00215	0.00954	0.00378	0.00339
25	0.00756	0.00378	0.00378	0.00378	0.00473	0.00378	0.00284	0.00945	0.00851	0.01513	0.01324	0.01513	0.01040	0.00473	0.00284	0.00095	0.00189	0.00378	0.87994	0.00378
26	0.88607	0.00785	0.00596	0.00534	0.00785	0.00910	0.00439	0.01193	0.00690	0.01820	0.00565	0.00659	0.00439	0.00377	0.00251	0.00126	0.00314	0.00220	0.00251	0.00439
27	0.13237	0.04490	0.02202	0.00718	0.00913	0.20776	0.00575	0.02655	0.06891	0.07502	0.14349	0.03463	0.10272	0.02260	0.00436	0.00133	0.00404	0.07937	0.00328	0.00460
28	0.02340	0.00881	0.00985	0.02241	0.01083	0.00934	0.00648	0.45295	0.04816	0.12427	0.05002	0.04258	0.02815	0.00553	0.00403	0.00122	0.00374	0.02774	0.07959	0.04091
29	0.00545	0.00378	0.00453	0.00492	0.00508	0.00365	0.00303	0.00579	0.00683	0.00904	0.01806	0.36909	0.05785	0.46908	0.01352	0.00287	0.00319	0.00835	0.00306	0.00285
30	0.01002	0.00992	0.01480	0.21568	0.46567	0.09346	0.04521	0.01225	0.00907	0.02561	0.00746	0.01004	0.00608	0.00411	0.00459	0.01674	0.03811	0.00356	0.00201	0.00561
31	0.01113	0.00893	0.01164	0.04675	0.26586	0.02961	0.00849	0.09359	0.29323	0.10172	0.01347	0.01469	0.03680	0.00513	0.00416	0.00131	0.00403	0.03990	0.00339	0.00618
32	0.04075	0.46210	0.01489	0.00673	0.00952	0.04755	0.00608	0.03983	0.00981	0.12393	0.16545	0.01311	0.03548	0.00488	0.00337	0.00105	0.00378	0.00367	0.00288	0.00513
33	0.16596	0.00960	0.08225	0.07429	0.26551	0.01976	0.08500	0.05553	0.00916	0.01462	0.01913	0.02599	0.00696	0.00402	0.00366	0.00118	0.00440	0.00352	0.07129	0.07816

[dist]
# distance from previous block
# <min> <max>
0	1

[block]
# block no. 2 follows, 66 sequences, length 65
# corresponding to MSA columns:
# 364-428
name=unknown_C
#
# <colnr> <probs for GDERKNQSTAVLIFYWHMCP>
#	G	D	E	R	K	N	Q	S	T	A	V	L	I	F	Y	W	H	M	C	P
0	0.37536	0.10520	0.01112	0.02074	0.14003	0.20700	0.00709	0.05161	0.00909	0.01460	0.00632	0.00755	0.00515	0.00393	0.00333	0.00116	0.02079	0.00263	0.00230	0.00500
1	0.00780	0.00681	0.00977	0.32152	0.05391	0.00676	0.00779	0.00994	0.00845	0.01189	0.00991	0.04659	0.00916	0.00501	0.00391	0.00114	0.00407	0.12231	0.00241	0.35087
2	0.00930	0.00969	0.12376	0.19305	0.11614	0.02155	0.00896	0.17265	0.04967	0.01571	0.17668	0.01549	0.04546	0.00532	0.00418	0.00127	0.00426	0.00452	0.01700	0.00533
3	0.00768	0.00709	0.00963	0.02420	0.00925	0.02826	0.00698	0.00870	0.00644	0.00947	0.00797	0.01304	0.00789	0.10409	0.28349	0.00352	0.45230	0.00404	0.00198	0.00397
4	0.00952	0.12914	0.23735	0.00784	0.01182	0.02390	0.00800	0.01195	0.00875	0.08864	0.00865	0.05571	0.00718	0.00405	0.00342	0.00095	0.00410	0.00320	0.00243	0.37339
5	0.00599	0.00421	0.00545	0.00510	0.00613	0.00386	0.00384	0.00785	0.01138	0.03517	0.77171	0.03035	0.07699	0.00832	0.00477	0.00128	0.00196	0.00732	0.00444	0.00388
6	0.00969	0.01010	0.01532	0.01224	0.01355	0.05793	0.21664	0.04582	0.00793	0.01129	0.00631	0.00936	0.00560	0.00590	0.01019	0.00161	0.54993	0.00382	0.00196	0.00482
7	0.80167	0.02426	0.00665	0.00561	0.00819	0.00928	0.00464	0.04749	0.00762	0.04619	0.00618	0.00697	0.00471	0.00385	0.00263	0.00125	0.00323	0.00232	0.00265	0.00460
8	0.00963	0.15589	0.02634	0.00724	0.03606	0.07452	0.00583	0.01132	0.00889	0.04728	0.03746	0.03683	0.00782	0.00381	0.00322	0.00080	0.00365	0.00298	0.00247	0.51797
9	0.00537	0.00388	0.00508	0.00531	0.00597	0.00359	0.00378	0.00674	0.00981	0.01356	0.45786	0.38682	0.05657	0.01026	0.00496	0.00144	0.00211	0.00919	0.00414	0.00359
10	0.01066	0.80221	0.07728	0.00726	0.01090	0.01560	0.00750	0.01220	0.00827	0.00977	0.00575	0.00665	0.00520	0.00350	0.00269	0.00090	0.00445	0.00223	0.00173	0.00526
11	0.14832	0.23734	0.24138	0.00954	0.05337	0.06909	0.02579	0.08132	0.00961	0.07881	0.00746	0.00826	0.00567	0.00392	0.00336	0.00114	0.00483	0.00284	0.00235	0.00561
12	0.04929	0.05960	0.13047	0.02922	0.20522	0.00893	0.00879	0.13478	0.05076	0.10956	0.15948	0.01383	0.01266	0.00495	0.00400	0.00123	0.00408	0.00417	0.00317	0.00582
13	0.03216	0.02698	0.01029	0.00848	0.01109	0.01080	0.00684	0.31867	0.44041	0.01977	0.01400	0.01444	0.01939	0.00550	0.00411	0.00133	0.00371	0.04165	0.00399	0.00637
14	0.01049	0.00985	0.01801	0.12531	0.27829	0.00968	0.32484	0.01284	0.00980	0.05424	0.01038	0.08137	0.00896	0.00514	0.00501	0.00152	0.02053	0.00507	0.00263	0.00603
15	0.19000	0.07373	0.06648	0.01618	0.00842	0.02287	0.00533	0.05501	0.02149	0.08251	0.11911	0.03427	0.04340	0.01797	0.01713	0.03172	0.00331	0.00414	0.18237	0.00456
16	0.00940	0.00521	0.00667	0.00622	0.00764	0.00489	0.00466	0.07170	0.02257	0.22686	0.16177	0.38364	0.05382	0.00914	0.00471	0.00143	0.00272	0.00804	0.00424	0.00465
17	0.00497	0.00354	0.00470	0.00561	0.00584	0.00331	0.00373	0.00566	0.00772	0.01029	0.02209	0.83162	0.02650	0.03632	0.00561	0.00171	0.00240	0.01138	0.00373	0.00327
18	0.00766	0.00721	0.01217	0.84767	0.02794	0.00901	0.01127	0.01037	0.00811	0.01037	0.00721	0.01082	0.00541	0.00406	0.00406	0.00135	0.00541	0.00361	0.00180	0.00451
19	0.00949	0.00908	0.01548	0.21394	0.64735	0.00950	0.01218	0.01197	0.00898	0.01259	0.00753	0.01022	0.00619	0.00372	0.00403	0.00124	0.00496	0.00361	0.00196	0.00599
20	0.00793	0.00667	0.01056	0.04250	0.32687	0.00673	0.00898	0.01003	0.00926	0.01251	0.01566	0.03080	0.01622	0.00804	0.00494	0.00159	0.00421	0.46869	0.00300	0.00480
21	0.47411	0.01333	0.35465	0.04981	0.01292	0.00923	0.00918	0.01224	0.00766	0.01557	0.00641	0.00763	0.00476	0.00382	0.00315	0.00127	0.00445	0.00260	0.00214	0.00507
22	0.00840	0.00643	0.00958	0.03896	0.32707	0.00667	0.00727	0.01045	0.00872	0.01376	0.05099	0.01355	0.00985	0.00598	0.05048	0.00142	0.04020	0.00391	0.38148	0.00485
23	0.04717	0.05607	0.01469	0.25676	0.48093	0.00982	0.01116	0.01227	0.04922	0.01262	0.00776	0.01017	0.00628	0.00383	0.00389	0.00124	0.00481	0.00352	0.00206	0.00572
24	0.01208	0.08992	0.00862	0.00617	0.00819	0.00617	0.00485	0.02976	0.00984	0.38726	0.09748	0.06206	0.05502	0.19536	0.00778	0.00184	0.00339	0.00522	0.00392	0.00508
25	0.01022	0.00831	0.00940	0.02263	0.03735	0.00932	0.02533	0.09481	0.55680	0.02952	0.02891	0.03101	0.01184	0.00539	0.00402	0.00131	0.00334	0.00453	0.09038	0.01558
26	0.07366	0.01004	0.01095	0.02187	0.02711	0.01112	0.01837	0.57071	0.09027	0.02188	0.01028	0.01172	0.00796	0.08892	0.00561	0.00151	0.00426	0.00387	0.00370	0.00618
27	0.00705	0.00352	0.00529	0.00529	0.00529	0.00352	0.00352	0.00529	0.00529	0.00705	0.00705	0.01233	0.00705	0.01409	0.01586	0.88196	0.00352	0.00352	0.00176	0.00176
28	0.00868	0.00737	0.00856	0.00614	0.00973	0.00568	0.00492	0.04137	0.00882	0.01370	0.00731	0.00846	0.00604	0.00308	0.00305	0.00062	0.00306	0.00245	0.00247	0.84848
29	0.02285	0.45291	0.37781	0.00926	0.01384	0.01286	0.03619	0.01248	0.00841	0.01123	0.00644	0.00755	0.00520	0.00364	0.00322	0.00107	0.00513	0.00262	0.00175	0.00555
30	0.00525	0.00380	0.00496	0.00537	0.00593	0.00351	0.00376	0.00643	0.00927	0.01267	0.33573	0.49891	0.06753	0.01089	0.00501	0.00149	0.00217	0.00978	0.00404	0.00351
31	0.00486	0.00403	0.00425	0.00437	0.00556	0.00342	0.00321	0.00588	0.00914	0.01111	0.07251	0.15176	0.68490	0.01053	0.00485	0.00140	0.00209	0.00892	0.00380	0.00342
32	0.01076	0.00611	0.00792	0.00718	0.00856	0.02065	0.00553	0.03417	0.02896	0.29971	0.01687	0.37808	0.01653	0.00866	0.00590	0.00150	0.12686	0.00721	0.00390	0.00493
33	0.01056	0.01049	0.01556	0.07666	0.67272	0.09174	0.01177	0.03831	0.00970	0.01313	0.00754	0.00981	0.00626	0.00374	0.00399	0.00120	0.00509	0.00352	0.00207	0.00615
34	0.00614	0.00460	0.00576	0.00539	0.00649	0.00443	0.00406	0.00898	0.09168	0.01619	0.72741	0.02906	0.05811	0.00807	0.00472	0.00129	0.00205	0.00710	0.00441	0.00407
35	0.00587	0.00392	0.00443	0.00446	0.00447	0.00391	0.00250	0.00589	0.00595	0.00794	0.01306	0.05084	0.01510	0.83264	0.02020	0.00387	0.00389	0.00607	0.00250	0.00248
36	0.00969	0.00911	0.01523	0.23759	0.57253	0.00963	0.02195	0.05198	0.00944	0.01311	0.00763	0.01024	0.00618	0.00379	0.00404	0.00125	0.00498	0.00363	0.00206	0.00594
37	0.00564	0.00445	0.00513	0.00493	0.00615	0.00409	0.00372	0.00782	0.06561	0.01399	0.42636	0.03323	0.37502	0.00899	0.00476	0.00133	0.00209	0.01872	0.00413	0.00383
38	0.01093	0.82337	0.03277	0.00711	0.01058	0.03986	0.00708	0.01228	0.00834	0.00960	0.00568	0.00656	0.00521	0.00350	0.00265	0.00088	0.00445	0.00219	0.00175	0.00520
39	0.00574	0.00415	0.00542	0.00510	0.00606	0.00383	0.00383	0.00766	0.01148	0.01627	0.82997	0.03031	0.03828	0.00829	0.00479	0.00128	0.00191	0.00734	0.00447	0.00383
40	0.01007	0.00862	0.01241	0.24271	0.27130	0.00956	0.00966	0.05229	0.26877	0.05643	0.01087	0.01205	0.00825	0.00447	0.00407	0.00130	0.00438	0.00395	0.00288	0.00595
41	0.33294	0.01044	0.17694	0.04381	0.01173	0.00859	0.00755	0.02873	0.11364	0.21353	0.01001	0.01007	0.00702	0.00434	0.00346	0.00128	0.00393	0.00321	0.00316	0.00563
42	0.01085	0.85986	0.02126	0.00694	0.01041	0.01605	0.00694	0.01215	0.00824	0.00955	0.00564	0.00651	0.00521	0.00347	0.00260	0.00087	0.00434	0.00217	0.00174	0.00521
43	0.00757	0.00535	0.00645	0.00623	0.00766	0.00531	0.00493	0.02736	0.15157	0.07649	0.24113	0.08914	0.17536	0.00877	0.00480	0.00145	0.00274	0.16913	0.00411	0.00444
44	0.00937	0.37234	0.45368	0.01029	0.05504	0.01221	0.01149	0.01254	0.00846	0.01148	0.00661	0.00778	0.00523	0.00368	0.00334	0.00111	0.00524	0.00268	0.00174	0.00569
45	0.01349	0.00983	0.01067	0.00866	0.01150	0.01089	0.00700	0.43162	0.32193	0.09489	0.02781	0.01252	0.00982	0.00519	0.00410	0.00128	0.00385	0.00411	0.00418	0.00666
46	0.00551	0.00448	0.00524	0.05152	0.00714	0.00414	0.00394	0.00736	0.04189	0.01311	0.32751	0.03334	0.46216	0.00902	0.00472	0.00133	0.00223	0.00768	0.00393	0.00375
47	0.00872	0.00866	0.01229	0.01053	0.01064	0.01198	0.02220	0.00968	0.00629	0.00980	0.00568	0.00930	0.00561	0.00834	0.05919	0.00203	0.78924	0.00362	0.00180	0.00441
48	0.00841	0.00721	0.00841	0.00601	0.00961	0.00541	0.00481	0.01022	0.00841	0.01322	0.00721	0.00841	0.00601	0.00300	0.00300	0.00060	0.00300	0.00240	0.00240	0.88222
49	0.00924	0.00769	0.00869	0.00780	0.00983	0.00842	0.02479	0.08913	0.48658	0.01586	0.01645	0.21087	0.01470	0.00692	0.00431	0.00137	0.00319	0.00599	0.00387	0.06429
50	0.00978	0.01136	0.18044	0.08562	0.03802	0.03265	0.06384	0.17897	0.04615	0.01429	0.00944	0.04367	0.00828	0.08823	0.00728	0.00165	0.14384	0.02868	0.00258	0.00524
51	0.00590	0.00393	0.00442	0.00442	0.00442	0.00393	0.00246	0.00590	0.00590	0.00787	0.01278	0.02655	0.01475	0.85742	0.02065	0.00393	0.00393	0.00590	0.00246	0.00246
52	0.00756	0.00378	0.00378	0.00378	0.00473	0.00378	0.00284	0.00945	0.00851	0.01513	0.01324	0.01513	0.01040	0.00473	0.00284	0.00095	0.00189	0.00378	0.87994	0.00378
53	0.00871	0.00868	0.01261	0.02722	0.01127	0.01185	0.04481	0.00978	0.00642	0.00990	0.00580	0.00940	0.00563	0.00817	0.05877	0.00201	0.74906	0.00365	0.00181	0.00444
54	0.01090	0.03347	0.01249	0.34963	0.06422	0.28009	0.03309	0.05483	0.05044	0.01159	0.01520	0.01005	0.01373	0.00437	0.00430	0.00124	0.03985	0.00341	0.00219	0.00492
55	0.00756	0.00378	0.00378	0.00378	0.00473	0.00378	0.00284	0.00945	0.00851	0.01513	0.01324	0.01513	0.01040	0.00473	0.00284	0.00095	0.00189	0.00378	0.87994	0.00378
56	0.00706	0.00353	0.00524	0.00524	0.00527	0.00353	0.00350	0.00542	0.00539	0.00730	0.00724	0.01242	0.00715	0.01380	0.01544	0.85395	0.00347	0.00353	0.02968	0.00183
57	0.02063	0.00821	0.00963	0.08160	0.06527	0.03084	0.00724	0.22595	0.19384	0.01696	0.04299	0.04465	0.01311	0.00645	0.00434	0.00139	0.00391	0.16526	0.05229	0.00544
58	0.00742	0.00474	0.00561	0.00517	0.00664	0.00427	0.00393	0.00928	0.05038	0.13762	0.28045	0.06801	0.36142	0.03052	0.00508	0.00140	0.00234	0.00737	0.00416	0.00419
59	0.01123	0.00549	0.00719	0.00644	0.00844	0.00490	0.00532	0.01279	0.01052	0.37399	0.09687	0.02890	0.18749	0.00803	0.00469	0.00144	0.00309	0.21373	0.00437	0.00507
60	0.00707	0.00662	0.00952	0.05022	0.02724	0.02215	0.09100	0.00859	0.00840	0.01100	0.02098	0.02614	0.28778	0.00956	0.05497	0.00184	0.20670	0.14330	0.00285	0.00409
61	0.03407	0.00795	0.01394	0.63644	0.10115	0.00924	0.11788	0.01095	0.00838	0.01121	0.00734	0.01064	0.00557	0.00392	0.00410	0.00134	0.00548	0.00372	0.00188	0.00481
62	0.38868	0.00814	0.01046	0.03100	0.33680	0.00867	0.00789	0.01206	0.00815	0.06064	0.00780	0.01043	0.00649	0.00462	0.00403	0.04503	0.00392	0.03756	0.00245	0.00519
63	0.38603	0.00565	0.00509	0.00484	0.00616	0.00608	0.00348	0.00853	0.00698	0.01302	0.02718	0.04400	0.13198	0.31459	0.01963	0.00232	0.00332	0.00486	0.00274	0.00350
64	0.39215	0.01104	0.00988	0.01872	0.01122	0.09314	0.00662	0.37242	0.01327	0.02118	0.00828	0.00912	0.00630	0.00478	0.00365	0.00135	0.00442	0.00315	0.00339	0.00592

[dist]
# distance from previous block
# <min> <max>
0	15

[block]
# block no. 3 follows, 66 sequences, length 24
# corresponding to MSA columns:
# 444-467
name=unknown_D
#
# <colnr> <probs for GDERKNQSTAVLIFYWHMCP>
#	G	D	E	R	K	N	Q	S	T	A	V	L	I	F	Y	W	H	M	C	P
0	0.00742	0.07656	0.44022	0.00863	0.01230	0.00775	0.02177	0.01040	0.00861	0.01224	0.15190	0.01657	0.04395	0.15665	0.00696	0.00173	0.00466	0.00444	0.00241	0.00483
1	0.00795	0.00436	0.00529	0.00496	0.00617	0.00410	0.00384	0.00979	0.01017	0.11197	0.35106	0.02356	0.04067	0.00674	0.00399	0.00118	0.00220	0.05280	0.34504	0.00416
2	0.06152	0.00763	0.00839	0.00737	0.00894	0.05563	0.00580	0.24620	0.01056	0.01491	0.00999	0.01358	0.00874	0.08729	0.34116	0.00358	0.04810	0.00398	0.05201	0.00464
3	0.00629	0.00429	0.00491	0.00481	0.00510	0.00427	0.00293	0.04182	0.00705	0.00955	0.06178	0.09876	0.01666	0.66896	0.01707	0.00336	0.00365	0.00630	0.01479	0.01765
4	0.01009	0.00808	0.00909	0.00709	0.01008	0.00761	0.00564	0.22620	0.10233	0.01676	0.03338	0.08412	0.00969	0.00478	0.00365	0.00096	0.00333	0.00392	0.00321	0.44999
5	0.03658	0.00842	0.05303	0.56253	0.07191	0.04233	0.01020	0.01121	0.00854	0.05981	0.00940	0.01192	0.04858	0.00442	0.00416	0.00131	0.02028	0.00374	0.00215	0.02947
6	0.01216	0.06318	0.01157	0.01079	0.10199	0.32674	0.00765	0.06542	0.28532	0.01375	0.02374	0.01202	0.02062	0.00487	0.00390	0.00120	0.00507	0.02147	0.00296	0.00558
7	0.05088	0.03225	0.02556	0.21711	0.15000	0.00874	0.05779	0.06978	0.06233	0.17430	0.06365	0.01298	0.02754	0.00473	0.00427	0.00129	0.02408	0.00407	0.00303	0.00561
8	0.00835	0.00613	0.00697	0.00625	0.00796	0.02016	0.00478	0.01277	0.24466	0.09043	0.33251	0.04968	0.10170	0.03104	0.00487	0.00135	0.00267	0.00608	0.00411	0.05752
9	0.00761	0.00576	0.00736	0.03850	0.00926	0.00519	0.00562	0.02165	0.02883	0.03960	0.15671	0.02723	0.03248	0.00732	0.00444	0.00128	0.00321	0.30526	0.00341	0.28929
10	0.06053	0.06671	0.57777	0.01094	0.03332	0.00947	0.05772	0.01249	0.00864	0.03769	0.02708	0.01031	0.03742	0.00427	0.00409	0.00128	0.02920	0.00337	0.00203	0.00567
11	0.00705	0.00352	0.00529	0.00529	0.00529	0.00352	0.00352	0.00529	0.00529	0.00705	0.00705	0.01233	0.00705	0.01409	0.01586	0.88196	0.00352	0.00352	0.00176	0.00176
12	0.00925	0.00921	0.03285	0.06705	0.32928	0.01003	0.09877	0.03401	0.04916	0.01239	0.00850	0.06023	0.00762	0.00579	0.02480	0.00153	0.22765	0.00425	0.00220	0.00544
13	0.00888	0.00749	0.00866	0.00623	0.00981	0.00588	0.00500	0.06387	0.00912	0.01404	0.00738	0.00850	0.00607	0.00313	0.00307	0.00064	0.00310	0.00249	0.00251	0.82412
14	0.00888	0.00888	0.01243	0.01065	0.01065	0.01243	0.00888	0.00976	0.00621	0.00976	0.00533	0.00888	0.00533	0.00710	0.01331	0.00178	0.84999	0.00355	0.00178	0.00444
15	0.01315	0.01037	0.01072	0.00879	0.01156	0.04276	0.00707	0.43995	0.34018	0.03345	0.01248	0.01198	0.00915	0.00510	0.00404	0.00127	0.00400	0.00400	0.02341	0.00656
16	0.01219	0.00916	0.00971	0.00778	0.01066	0.06136	0.00620	0.25075	0.15001	0.12219	0.01166	0.07013	0.00928	0.00499	0.00384	0.00110	0.00375	0.00401	0.00359	0.24764
17	0.03549	0.00931	0.00988	0.01918	0.01040	0.10057	0.01971	0.26240	0.03858	0.02589	0.01098	0.14934	0.01040	0.05738	0.02692	0.00162	0.13893	0.00491	0.01548	0.05263
18	0.00756	0.00378	0.00378	0.00378	0.00473	0.00378	0.00284	0.00945	0.00851	0.01513	0.01324	0.01513	0.01040	0.00473	0.00284	0.00095	0.00189	0.00378	0.87994	0.00378
19	0.01006	0.37027	0.02975	0.05336	0.08522	0.04609	0.00767	0.04735	0.04071	0.02785	0.00827	0.06999	0.00765	0.00624	0.04937	0.00144	0.10310	0.00357	0.00223	0.02978
20	0.00524	0.00419	0.00536	0.00534	0.00634	0.00373	0.03440	0.00645	0.00927	0.01204	0.21201	0.30669	0.35335	0.01038	0.00492	0.00144	0.00230	0.00913	0.00386	0.00355
21	0.00756	0.00378	0.00378	0.00378	0.00473	0.00378	0.00284	0.00945	0.00851	0.01513	0.01324	0.01513	0.01040	0.00473	0.00284	0.00095	0.00189	0.00378	0.87994	0.00378
22	0.04973	0.07323	0.01070	0.03607	0.01028	0.07006	0.03411	0.16571	0.00964	0.01328	0.03185	0.02273	0.00891	0.14813	0.09211	0.00229	0.19203	0.00405	0.02051	0.00458
23	0.01020	0.00780	0.00920	0.00753	0.01970	0.00753	0.02544	0.07099	0.27376	0.09578	0.01276	0.01355	0.03211	0.02548	0.02228	0.00124	0.00351	0.02115	0.00338	0.33661

[dist]
# distance from previous block
# <min> <max>
0	9

[block]
# block no. 4 follows, 66 sequences, length 11
# corresponding to MSA columns:
# 477-487
name=unknown_E
#
# <colnr> <probs for GDERKNQSTAVLIFYWHMCP>
#	G	D	E	R	K	N	Q	S	T	A	V	L	I	F	Y	W	H	M	C	P
0	0.58888	0.00747	0.00726	0.07622	0.04558	0.00843	0.00542	0.04474	0.00779	0.05992	0.00776	0.00907	0.02962	0.00500	0.00410	0.07935	0.00347	0.00284	0.00260	0.00447
1	0.08448	0.00578	0.00844	0.37757	0.03615	0.00656	0.00730	0.00866	0.00825	0.01166	0.09100	0.25666	0.04802	0.02628	0.00471	0.00148	0.00381	0.00637	0.00278	0.00404
2	0.01004	0.00964	0.01647	0.02490	0.83211	0.00964	0.01245	0.01245	0.00924	0.01325	0.00763	0.01004	0.00643	0.00361	0.00402	0.00120	0.00482	0.00361	0.00201	0.00643
3	0.00780	0.00735	0.01241	0.80090	0.07365	0.00905	0.01133	0.01048	0.00818	0.01053	0.00723	0.01077	0.00547	0.00403	0.00405	0.00134	0.00537	0.00361	0.00181	0.00462
4	0.00977	0.00876	0.01443	0.24461	0.48987	0.00928	0.02791	0.04419	0.02887	0.03918	0.00830	0.01068	0.00657	0.00391	0.00401	0.00124	0.00482	0.00368	0.03410	0.00583
5	0.12948	0.00977	0.01314	0.09545	0.34320	0.04716	0.03880	0.18558	0.03507	0.01609	0.00813	0.00989	0.00642	0.00513	0.03838	0.00145	0.00496	0.00349	0.00257	0.00584
6	0.06311	0.00742	0.01112	0.05918	0.04586	0.00725	0.13764	0.02401	0.02011	0.15750	0.05359	0.07924	0.03529	0.00528	0.00472	0.00122	0.07127	0.00456	0.04138	0.17024
7	0.03434	0.00737	0.03179	0.00896	0.02957	0.00668	0.17574	0.06011	0.03528	0.05901	0.10561	0.16690	0.09745	0.00671	0.00452	0.00129	0.01552	0.02044	0.00323	0.12948
8	0.00847	0.00752	0.01048	0.12742	0.04686	0.00707	0.07275	0.05517	0.02377	0.01328	0.04574	0.04998	0.04636	0.00458	0.00420	0.00102	0.04668	0.00390	0.00258	0.42218
9	0.06826	0.01275	0.01187	0.19161	0.03865	0.31325	0.04552	0.20519	0.01197	0.01453	0.00808	0.04501	0.00661	0.00460	0.00389	0.00121	0.00565	0.00356	0.00259	0.00519
10	0.04163	0.00743	0.00905	0.00733	0.00983	0.04205	0.04097	0.10457	0.03260	0.29204	0.15541	0.08893	0.01524	0.00594	0.00414	0.00121	0.00345	0.01653	0.00399	0.11764

[dist]
# distance from previous block
# <min> <max>
32	52

[block]
# block no. 5 follows, 66 sequences, length 95
# corresponding to MSA columns:
# 543-637
name=unknown_F
#
# <colnr> <probs for GDERKNQSTAVLIFYWHMCP>
#	G	D	E	R	K	N	Q	S	T	A	V	L	I	F	Y	W	H	M	C	P
0	0.01192	0.02715	0.05890	0.02587	0.30160	0.31530	0.03152	0.07443	0.03419	0.01284	0.00894	0.01121	0.02906	0.00445	0.00396	0.00119	0.00567	0.03391	0.00235	0.00555
1	0.00538	0.00473	0.00505	0.00546	0.05074	0.01878	0.00376	0.00664	0.01755	0.01146	0.08780	0.03611	0.71311	0.00963	0.00473	0.00135	0.00230	0.00807	0.00369	0.00367
2	0.01174	0.03151	0.00948	0.00783	0.01028	0.00912	0.00623	0.09467	0.49606	0.17249	0.09194	0.01557	0.01366	0.00556	0.00413	0.00131	0.00328	0.00460	0.00426	0.00628
3	0.02644	0.02493	0.01253	0.13477	0.03808	0.33777	0.06452	0.08768	0.01021	0.01188	0.00754	0.05250	0.00663	0.00512	0.00567	0.00130	0.16164	0.00366	0.00226	0.00486
4	0.00756	0.00378	0.00378	0.00378	0.00473	0.00378	0.00284	0.00945	0.00851	0.01513	0.01324	0.01513	0.01040	0.00473	0.00284	0.00095	0.00189	0.00378	0.87994	0.00378
5	0.02100	0.01083	0.01824	0.01714	0.25630	0.03652	0.35114	0.18877	0.03109	0.01587	0.00848	0.01036	0.00650	0.00387	0.00433	0.00128	0.00562	0.00409	0.00253	0.00605
6	0.01073	0.03360	0.01572	0.08353	0.56111	0.15376	0.04960	0.01293	0.00950	0.01232	0.00732	0.00957	0.00609	0.00377	0.00405	0.00119	0.01387	0.00346	0.00200	0.00589
7	0.00729	0.25885	0.10395	0.02160	0.00929	0.00820	0.02929	0.00896	0.00886	0.01102	0.06206	0.04681	0.34223	0.02670	0.00444	0.00129	0.00348	0.03847	0.00285	0.00433
8	0.00888	0.00888	0.01243	0.01065	0.01065	0.01243	0.00888	0.00976	0.00621	0.00976	0.00533	0.00888	0.00533	0.00710	0.01331	0.00178	0.84999	0.00355	0.00178	0.00444
9	0.00494	0.00353	0.00471	0.00565	0.00588	0.00330	0.00377	0.00565	0.00777	0.01036	0.02236	0.85477	0.02683	0.01271	0.00518	0.00165	0.00235	0.01153	0.00377	0.00330
10	0.04536	0.05770	0.01230	0.00906	0.01221	0.04685	0.00750	0.67896	0.05238	0.02342	0.00952	0.00959	0.00689	0.00475	0.00391	0.00120	0.00448	0.00352	0.00380	0.00661
11	0.01138	0.00842	0.00901	0.00781	0.01022	0.03166	0.00614	0.07655	0.51710	0.14258	0.01661	0.01550	0.05715	0.00601	0.02027	0.00141	0.00350	0.00453	0.02373	0.03043
12	0.01043	0.06085	0.03076	0.07207	0.55856	0.09968	0.05785	0.01303	0.03483	0.01259	0.00765	0.00977	0.00631	0.00375	0.00394	0.00119	0.00518	0.00351	0.00205	0.00599
13	0.00511	0.00374	0.00503	0.03507	0.00672	0.00358	0.00409	0.00594	0.00784	0.01039	0.02221	0.74408	0.05549	0.02575	0.01586	0.00173	0.00263	0.03774	0.00366	0.00335
14	0.00497	0.00373	0.00463	0.00530	0.00586	0.00338	0.00367	0.00583	0.00829	0.01072	0.04890	0.60215	0.23109	0.01193	0.00508	0.00157	0.00231	0.03346	0.00378	0.00336
15	0.01408	0.00796	0.00970	0.03683	0.01101	0.00775	0.00626	0.25291	0.02585	0.34750	0.09839	0.02770	0.01172	0.00516	0.00403	0.00117	0.00358	0.00420	0.00419	0.12003
16	0.12118	0.04441	0.23728	0.00725	0.01001	0.00690	0.00731	0.01074	0.05012	0.04254	0.31356	0.07920	0.04089	0.00640	0.00412	0.00129	0.00346	0.00535	0.00327	0.00474
17	0.03420	0.53135	0.11318	0.01118	0.17516	0.05255	0.00894	0.01247	0.00860	0.01092	0.00626	0.00749	0.00542	0.00359	0.00308	0.00100	0.00473	0.00257	0.00182	0.00550
18	0.00553	0.00394	0.00525	0.00555	0.00591	0.00408	0.00381	0.00634	0.00701	0.00963	0.05609	0.30337	0.01852	0.26250	0.27960	0.00386	0.00554	0.00738	0.00291	0.00319
19	0.00841	0.00721	0.00841	0.00601	0.00961	0.00541	0.00481	0.01022	0.00841	0.01322	0.00721	0.00841	0.00601	0.00300	0.00300	0.00060	0.00300	0.00240	0.00240	0.88222
20	0.01111	0.00736	0.05366	0.00795	0.05987	0.02537	0.00618	0.06852	0.03019	0.27429	0.33285	0.02008	0.04885	0.00637	0.00461	0.00128	0.02660	0.00535	0.00415	0.00537
21	0.01044	0.63190	0.01893	0.00796	0.01059	0.03402	0.01567	0.01166	0.00786	0.00964	0.00566	0.00720	0.00529	0.00458	0.01366	0.00114	0.19450	0.00254	0.00176	0.00501
22	0.00587	0.00392	0.00443	0.00446	0.00447	0.00392	0.00249	0.00589	0.00595	0.00794	0.01305	0.04928	0.01508	0.83423	0.02023	0.00387	0.00389	0.00605	0.00249	0.00248
23	0.00541	0.00405	0.00503	0.00511	0.00597	0.00371	0.00371	0.00698	0.02406	0.01360	0.43639	0.25627	0.19505	0.00985	0.00488	0.00140	0.00208	0.00868	0.00413	0.00365
24	0.00945	0.00866	0.01312	0.13547	0.37460	0.04330	0.05689	0.06899	0.00955	0.02404	0.02443	0.02650	0.04366	0.07344	0.02566	0.00161	0.02026	0.01664	0.01839	0.00533
25	0.05233	0.01032	0.01136	0.00874	0.01194	0.01110	0.00722	0.62406	0.01706	0.18823	0.01083	0.01043	0.00743	0.00485	0.00400	0.00123	0.00421	0.00368	0.00419	0.00680
26	0.00544	0.00408	0.00469	0.00461	0.00546	0.00371	0.00325	0.00652	0.00914	0.01202	0.30729	0.04582	0.31974	0.22781	0.00889	0.00201	0.00252	0.02000	0.00367	0.00332
27	0.01260	0.00985	0.01049	0.00862	0.01135	0.01104	0.00693	0.43481	0.36362	0.02123	0.03007	0.01341	0.03647	0.00538	0.00413	0.00129	0.00380	0.00429	0.00409	0.00652
28	0.00756	0.00378	0.00378	0.00378	0.00473	0.00378	0.00284	0.00945	0.00851	0.01513	0.01324	0.01513	0.01040	0.00473	0.00284	0.00095	0.00189	0.00378	0.87994	0.00378
29	0.00856	0.00899	0.01846	0.01383	0.01690	0.00849	0.57289	0.03291	0.00951	0.01285	0.03284	0.18278	0.01197	0.00582	0.00489	0.00144	0.00560	0.04373	0.00259	0.00495
30	0.00538	0.00413	0.00492	0.00472	0.00584	0.00367	0.00354	0.00695	0.01062	0.01423	0.52683	0.03366	0.34269	0.00906	0.00479	0.00131	0.00197	0.00781	0.00420	0.00367
31	0.00756	0.00378	0.00378	0.00378	0.00473	0.00378	0.00284	0.00945	0.00851	0.01513	0.01324	0.01513	0.01040	0.00473	0.00284	0.00095	0.00189	0.00378	0.87994	0.00378
32	0.03480	0.41135	0.40240	0.00929	0.02398	0.01243	0.01069	0.01266	0.00845	0.03114	0.00668	0.00769	0.00528	0.00370	0.00324	0.00109	0.00507	0.00262	0.00183	0.00561
33	0.00888	0.00888	0.01243	0.01065	0.01065	0.01243	0.00888	0.00976	0.00621	0.00976	0.00533	0.00888	0.00533	0.00710	0.01331	0.00178	0.84999	0.00355	0.00178	0.00444
34	0.00487	0.00380	0.00443	0.00494	0.00570	0.00336	0.00345	0.00573	0.00845	0.01063	0.03100	0.47878	0.39725	0.01159	0.00500	0.00152	0.00222	0.01016	0.00377	0.00336
35	0.00494	0.00353	0.00471	0.00565	0.00588	0.00330	0.00377	0.00565	0.00777	0.01036	0.02236	0.85477	0.02683	0.01271	0.00518	0.00165	0.00235	0.01153	0.00377	0.00330
36	0.01547	0.00848	0.00997	0.00781	0.01067	0.00862	0.00635	0.33751	0.05870	0.38345	0.01323	0.01306	0.00921	0.05472	0.00499	0.00139	0.00380	0.00403	0.04206	0.00648
37	0.01056	0.76269	0.09166	0.00745	0.01104	0.01537	0.00770	0.01214	0.00821	0.00984	0.00577	0.00675	0.00520	0.00361	0.00302	0.00093	0.02878	0.00228	0.00173	0.00525
38	0.00841	0.00721	0.00841	0.00601	0.00961	0.00541	0.00481	0.01022	0.00841	0.01322	0.00721	0.00841	0.00601	0.00300	0.00300	0.00060	0.00300	0.00240	0.00240	0.88222
39	0.00566	0.00410	0.00533	0.00512	0.00603	0.00378	0.00380	0.00746	0.01115	0.01569	0.74890	0.09148	0.05890	0.00867	0.00481	0.00131	0.00195	0.00768	0.00440	0.00378
40	0.00900	0.01458	0.32354	0.01493	0.01969	0.00988	0.51241	0.01288	0.00922	0.01298	0.01683	0.01028	0.00613	0.00363	0.00444	0.00134	0.00647	0.00416	0.00195	0.00565
41	0.01245	0.00948	0.01024	0.00849	0.01116	0.01052	0.00678	0.36569	0.37661	0.05641	0.01362	0.05589	0.01049	0.00552	0.00412	0.00130	0.00372	0.00446	0.00407	0.02900
42	0.01056	0.00879	0.00973	0.00753	0.01073	0.03868	0.02397	0.15593	0.18783	0.03835	0.00990	0.01027	0.00763	0.00398	0.00353	0.00093	0.00356	0.00320	0.00312	0.46176
43	0.00756	0.00378	0.00378	0.00378	0.00473	0.00378	0.00284	0.00945	0.00851	0.01513	0.01324	0.01513	0.01040	0.00473	0.00284	0.00095	0.00189	0.00378	0.87994	0.00378
44	0.24884	0.00836	0.01216	0.16779	0.37900	0.00902	0.02557	0.01923	0.00844	0.01404	0.00804	0.04551	0.00700	0.00433	0.00372	0.00129	0.00437	0.02574	0.00225	0.00530
45	0.00888	0.00888	0.01243	0.01065	0.01065	0.01243	0.00888	0.00976	0.00621	0.00976	0.00533	0.00888	0.00533	0.00710	0.01331	0.00178	0.84999	0.00355	0.00178	0.00444
46	0.00512	0.00367	0.00487	0.00553	0.00592	0.00341	0.00378	0.00610	0.00859	0.01167	0.20206	0.67132	0.02938	0.01173	0.00509	0.00156	0.00226	0.01060	0.00392	0.00341
47	0.00648	0.00421	0.00478	0.00465	0.00483	0.00422	0.00272	0.02719	0.00640	0.03122	0.01277	0.02565	0.01437	0.80306	0.02856	0.00382	0.00401	0.00578	0.00257	0.00271
48	0.00756	0.00378	0.00378	0.00378	0.00473	0.00378	0.00284	0.00945	0.00851	0.01513	0.01324	0.01513	0.01040	0.00473	0.00284	0.00095	0.00189	0.00378	0.87994	0.00378
49	0.00780	0.00738	0.01230	0.77389	0.04892	0.00924	0.01115	0.01039	0.00803	0.01041	0.00711	0.01068	0.00543	0.00423	0.00462	0.00137	0.05709	0.00360	0.00181	0.00456
50	0.02650	0.00822	0.00873	0.00748	0.00963	0.03117	0.00592	0.24240	0.24474	0.05466	0.08723	0.05569	0.15900	0.00669	0.00459	0.00133	0.03112	0.00542	0.00394	0.00554
51	0.00756	0.00378	0.00378	0.00378	0.00473	0.00378	0.00284	0.00945	0.00851	0.01513	0.01324	0.01513	0.01040	0.00473	0.00284	0.00095	0.00189	0.00378	0.87994	0.00378
52	0.00483	0.00411	0.00414	0.00413	0.00547	0.00344	0.00308	0.00585	0.00922	0.01099	0.05316	0.03868	0.80297	0.02568	0.00508	0.00142	0.00209	0.00849	0.00375	0.00341
53	0.00652	0.00508	0.00765	0.00738	0.02927	0.00473	0.10224	0.00805	0.03067	0.05182	0.05570	0.42068	0.17239	0.04405	0.00557	0.00161	0.00307	0.03602	0.00356	0.00393
54	0.00944	0.00902	0.01543	0.25892	0.55973	0.00954	0.04016	0.02641	0.00911	0.01264	0.00757	0.01029	0.00614	0.00376	0.00406	0.00125	0.00505	0.00365	0.00199	0.00585
55	0.00661	0.00402	0.00502	0.00505	0.00582	0.00433	0.00379	0.00813	0.00745	0.01202	0.01250	0.04408	0.01114	0.07663	0.36105	0.00355	0.00587	0.00443	0.41488	0.00360
56	0.00797	0.00640	0.00715	0.00702	0.03164	0.01738	0.00509	0.14174	0.17203	0.01427	0.02227	0.26827	0.20945	0.03307	0.03553	0.00168	0.00329	0.00741	0.00372	0.00463
57	0.00965	0.00874	0.01357	0.13700	0.38149	0.03332	0.02829	0.01166	0.00846	0.05348	0.00793	0.01061	0.00659	0.00611	0.05542	0.00165	0.17782	0.00367	0.03913	0.00542
58	0.00868	0.00516	0.00658	0.00580	0.00731	0.00483	0.00448	0.07073	0.01179	0.16662	0.54500	0.07233	0.05880	0.00776	0.00462	0.00129	0.00242	0.00674	0.00447	0.00458
59	0.00562	0.00407	0.00543	0.00621	0.00683	0.00391	0.00475	0.00696	0.01787	0.01150	0.07765	0.45342	0.07185	0.01165	0.00527	0.00168	0.00281	0.29516	0.00381	0.00353
60	0.87030	0.02321	0.00624	0.00536	0.00789	0.00923	0.00444	0.01193	0.00693	0.01805	0.00565	0.00659	0.00441	0.00376	0.00251	0.00125	0.00316	0.00220	0.00250	0.00441
61	0.01173	0.00945	0.01090	0.02339	0.05310	0.03216	0.03498	0.35828	0.04177	0.01862	0.00898	0.00977	0.00685	0.00408	0.00364	0.00099	0.00397	0.00326	0.05095	0.31312
62	0.00765	0.00723	0.01030	0.03167	0.01033	0.04970	0.07164	0.00907	0.00697	0.00989	0.00860	0.02452	0.00805	0.01804	0.41571	0.00401	0.29637	0.00411	0.00204	0.00412
63	0.00756	0.00378	0.00378	0.00378	0.00473	0.00378	0.00284	0.00945	0.00851	0.01513	0.01324	0.01513	0.01040	0.00473	0.00284	0.00095	0.00189	0.00378	0.87994	0.00378
64	0.00841	0.00721	0.00841	0.00601	0.00961	0.00541	0.00481	0.01022	0.00841	0.01322	0.00721	0.00841	0.00601	0.00300	0.00300	0.00060	0.00300	0.00240	0.00240	0.88222
65	0.01508	0.00866	0.01011	0.00795	0.01083	0.00891	0.00649	0.36028	0.08174	0.33496	0.07542	0.01348	0.01106	0.00524	0.00409	0.00124	0.00370	0.00418	0.03005	0.00654
66	0.00756	0.00378	0.00378	0.00378	0.00473	0.00378	0.00284	0.00945	0.00851	0.01513	0.01324	0.01513	0.01040	0.00473	0.00284	0.00095	0.00189	0.00378	0.87994	0.00378
67	0.09546	0.01117	0.01208	0.26131	0.07178	0.24544	0.08253	0.05088	0.03685	0.01214	0.00747	0.01751	0.00602	0.00486	0.00471	0.06392	0.00554	0.00340	0.00219	0.00474
68	0.00641	0.00499	0.00733	0.00694	0.00783	0.00531	0.05871	0.05474	0.00787	0.01085	0.02618	0.25232	0.03101	0.10332	0.37902	0.00399	0.02002	0.00662	0.00281	0.00374
69	0.00930	0.00767	0.00902	0.02839	0.01034	0.00686	0.00557	0.11700	0.04345	0.02346	0.00887	0.06128	0.00767	0.00421	0.00388	0.00086	0.04540	0.00333	0.00276	0.60066
70	0.00733	0.00378	0.00387	0.00391	0.00477	0.00377	0.00286	0.00904	0.00831	0.01444	0.01366	0.05764	0.01149	0.05779	0.00405	0.00116	0.00204	0.00430	0.78212	0.00368
71	0.05442	0.02786	0.00760	0.00648	0.00786	0.09953	0.01931	0.06271	0.11754	0.07502	0.01239	0.01866	0.02505	0.39779	0.01153	0.00246	0.00413	0.00471	0.02721	0.01774
72	0.00907	0.00749	0.00867	0.00630	0.00980	0.00598	0.00505	0.07768	0.00934	0.02586	0.00782	0.02404	0.00652	0.00337	0.00315	0.00068	0.00312	0.00270	0.00260	0.78076
73	0.01100	0.17809	0.02663	0.00812	0.02915	0.03753	0.00660	0.08972	0.38917	0.06542	0.01274	0.01319	0.00993	0.03470	0.00431	0.00131	0.00374	0.01523	0.05757	0.00585
74	0.01096	0.72162	0.06142	0.00751	0.01087	0.04767	0.00746	0.01241	0.00837	0.02949	0.00598	0.00694	0.00533	0.00374	0.00328	0.00095	0.04662	0.00234	0.00183	0.00523
75	0.00505	0.00359	0.00469	0.00551	0.00575	0.00337	0.00364	0.00571	0.00768	0.01024	0.03607	0.75247	0.03554	0.09198	0.00662	0.00185	0.00249	0.01089	0.00366	0.00323
76	0.00837	0.01013	0.21274	0.00798	0.02546	0.02383	0.00753	0.04496	0.18999	0.05411	0.18903	0.03956	0.15635	0.00656	0.00432	0.00132	0.00358	0.00550	0.00349	0.00519
77	0.01266	0.00989	0.01072	0.02751	0.03420	0.04156	0.00697	0.41953	0.13175	0.04736	0.03292	0.02631	0.00874	0.00478	0.00390	0.00113	0.00401	0.00377	0.00362	0.16867
78	0.00841	0.00721	0.00841	0.00601	0.00961	0.00541	0.00481	0.01022	0.00841	0.01322	0.00721	0.00841	0.00601	0.00300	0.00300	0.00060	0.00300	0.00240	0.00240	0.88222
79	0.01134	0.02605	0.00771	0.00618	0.00825	0.00529	0.00492	0.01342	0.03978	0.35980	0.41196	0.02153	0.02363	0.00653	0.00435	0.00124	0.00270	0.00558	0.00455	0.03518
