[name]
unknown

[dist]
# distance from previous block
# <min> <max>
0	96

[block]
# block no. 0 follows, 62 sequences, length 7
# corresponding to MSA columns:
# 133-139
name=unknown_A
#
# <colnr> <probs for GDERKNQSTAVLIFYWHMCP>
#	G	D	E	R	K	N	Q	S	T	A	V	L	I	F	Y	W	H	M	C	P
0	0.00712	0.00475	0.00645	0.00647	0.00744	0.00434	0.02822	0.00814	0.00849	0.07886	0.01955	0.48182	0.02195	0.12849	0.00744	0.00195	0.00315	0.09060	0.00368	0.08108
1	0.00773	0.05882	0.00776	0.09227	0.00943	0.00551	0.00531	0.00925	0.01027	0.08579	0.39297	0.15592	0.02671	0.00894	0.00571	0.06820	0.00297	0.03833	0.00390	0.00421
2	0.07799	0.01055	0.08373	0.00908	0.01252	0.00952	0.07382	0.32804	0.01319	0.01904	0.01023	0.09627	0.00874	0.00516	0.00402	0.00118	0.00431	0.00428	0.00327	0.22507
3	0.00949	0.13148	0.01060	0.00671	0.00993	0.00781	0.00553	0.03399	0.09321	0.03700	0.09330	0.03274	0.01106	0.00444	0.00352	0.00089	0.00330	0.00358	0.00299	0.49843
4	0.22045	0.04102	0.00852	0.00687	0.00923	0.00749	0.02088	0.09367	0.02402	0.11644	0.07280	0.17898	0.01422	0.00668	0.00403	0.00132	0.00335	0.03941	0.00357	0.12704
5	0.03047	0.00720	0.00999	0.08158	0.01178	0.00726	0.09589	0.08211	0.08243	0.16592	0.03018	0.04947	0.01148	0.15424	0.00723	0.00178	0.00404	0.00488	0.11226	0.04982
6	0.01216	0.20494	0.03375	0.00811	0.01098	0.04012	0.03021	0.19697	0.01188	0.13451	0.01243	0.18319	0.01142	0.00622	0.00405	0.00123	0.00412	0.00510	0.00342	0.08520

[dist]
# distance from previous block
# <min> <max>
0	17

[block]
# block no. 1 follows, 62 sequences, length 48
# corresponding to MSA columns:
# 157-204
name=unknown_B
#
# <colnr> <probs for GDERKNQSTAVLIFYWHMCP>
#	G	D	E	R	K	N	Q	S	T	A	V	L	I	F	Y	W	H	M	C	P
0	0.03056	0.17893	0.26587	0.00963	0.01389	0.02483	0.03515	0.16741	0.04985	0.10411	0.02083	0.01005	0.00725	0.00438	0.00382	0.00120	0.00494	0.00337	0.00289	0.06103
1	0.00549	0.03082	0.00558	0.00590	0.00640	0.00398	0.00411	0.00641	0.00860	0.01142	0.08838	0.69289	0.06604	0.01248	0.00531	0.00166	0.00253	0.03449	0.00394	0.00359
2	0.01209	0.00963	0.01328	0.30160	0.04772	0.01093	0.06113	0.34111	0.01345	0.05292	0.00949	0.02881	0.00719	0.00497	0.00482	0.00137	0.04968	0.00408	0.01976	0.00596
3	0.02873	0.24012	0.13806	0.00837	0.01201	0.03167	0.02684	0.01616	0.02564	0.35810	0.02525	0.03841	0.02260	0.00496	0.00386	0.00123	0.00437	0.00389	0.00351	0.00623
4	0.05216	0.00838	0.01018	0.00801	0.01100	0.03397	0.00657	0.14046	0.01277	0.57548	0.01454	0.02773	0.00971	0.00540	0.00465	0.00133	0.04381	0.00419	0.02286	0.00680
5	0.00544	0.00388	0.00513	0.00574	0.00620	0.00361	0.00395	0.00646	0.00912	0.01240	0.22905	0.60725	0.04343	0.01213	0.00555	0.01988	0.00237	0.01074	0.00410	0.00357
6	0.01215	0.12084	0.38036	0.00972	0.01427	0.00989	0.01072	0.08998	0.03569	0.21604	0.04096	0.02246	0.00869	0.00475	0.00402	0.00129	0.00496	0.00372	0.00311	0.00640
7	0.00587	0.00429	0.00555	0.00578	0.00653	0.00406	0.00416	0.00774	0.04267	0.01433	0.42650	0.37218	0.04220	0.01062	0.00519	0.00152	0.00231	0.03029	0.00434	0.00388
8	0.00518	0.00370	0.00494	0.00592	0.00617	0.00346	0.00395	0.00592	0.00815	0.01086	0.02345	0.84768	0.02814	0.01333	0.00543	0.00173	0.00247	0.01210	0.00395	0.00346
9	0.06393	0.00731	0.01058	0.30400	0.03400	0.02248	0.08746	0.04739	0.02108	0.01426	0.00994	0.01251	0.00770	0.00458	0.00412	0.00127	0.03371	0.00387	0.30509	0.00474
10	0.18154	0.04227	0.06200	0.12042	0.04770	0.00965	0.05354	0.19719	0.01158	0.09336	0.03478	0.02705	0.00834	0.00477	0.00383	0.00129	0.00431	0.00382	0.08692	0.00567
11	0.00883	0.00852	0.01287	0.02484	0.03696	0.04285	0.13639	0.01041	0.00764	0.01113	0.00813	0.01188	0.00731	0.01219	0.20004	0.02352	0.36971	0.00410	0.05806	0.00460
12	0.67607	0.11995	0.01920	0.02827	0.00955	0.03494	0.00549	0.02866	0.00795	0.02989	0.00626	0.00725	0.00493	0.00397	0.00280	0.00126	0.00372	0.00242	0.00256	0.00485
13	0.00619	0.00398	0.00532	0.00601	0.00650	0.00368	0.00411	0.00705	0.00862	0.06744	0.06333	0.74900	0.02754	0.01254	0.00533	0.00168	0.00252	0.01133	0.00408	0.00375
14	0.30947	0.04094	0.04316	0.00903	0.01085	0.01103	0.03968	0.01251	0.00770	0.10181	0.00713	0.00903	0.00581	0.00558	0.00786	0.00154	0.36606	0.00327	0.00250	0.00506
15	0.04709	0.01017	0.01570	0.08657	0.01663	0.01053	0.28194	0.29770	0.02701	0.04313	0.01010	0.03595	0.00773	0.00465	0.00438	0.00132	0.00524	0.00441	0.05550	0.03423
16	0.00647	0.00449	0.00584	0.00584	0.00674	0.00443	0.00434	0.02669	0.00979	0.03316	0.30602	0.19767	0.08394	0.04786	0.16643	0.00261	0.00419	0.03532	0.04426	0.00392
17	0.00607	0.00411	0.00544	0.00588	0.00653	0.00381	0.00419	0.00730	0.00960	0.04566	0.26490	0.51253	0.04748	0.01148	0.00527	0.00160	0.00244	0.04769	0.00422	0.00380
18	0.21928	0.01710	0.55477	0.01000	0.01494	0.00929	0.01201	0.01293	0.00869	0.03218	0.03218	0.04301	0.00726	0.00456	0.00379	0.00135	0.00523	0.00346	0.00225	0.00572
19	0.26308	0.01434	0.38101	0.00928	0.02706	0.00923	0.01006	0.06973	0.02243	0.04857	0.07088	0.01165	0.03625	0.00475	0.00377	0.00133	0.00466	0.00358	0.00269	0.00565
20	0.00734	0.00371	0.00551	0.00551	0.00551	0.00371	0.00365	0.00557	0.00557	0.00742	0.00763	0.01352	0.00771	0.04754	0.01683	0.84201	0.00371	0.00379	0.00188	0.00188
21	0.00566	0.00390	0.00480	0.00532	0.00545	0.00377	0.00330	0.00605	0.00722	0.00963	0.01871	0.46074	0.02216	0.40844	0.01309	0.00286	0.00325	0.00931	0.00330	0.00304
22	0.00608	0.00443	0.00561	0.00609	0.00684	0.00426	0.00440	0.00802	0.06896	0.02509	0.16058	0.49143	0.09764	0.01149	0.00527	0.00163	0.00258	0.08157	0.00412	0.00391
23	0.00870	0.06137	0.77323	0.01202	0.01814	0.01023	0.03188	0.01344	0.00899	0.01331	0.00757	0.00893	0.00542	0.00401	0.00400	0.00133	0.00622	0.00314	0.00181	0.00624
24	0.00927	0.00691	0.00798	0.00718	0.00903	0.00737	0.00560	0.05322	0.34802	0.06858	0.36445	0.02368	0.02475	0.00721	0.00468	0.00140	0.00288	0.03777	0.00452	0.00550
25	0.00526	0.00376	0.00503	0.00601	0.00629	0.00352	0.00408	0.00606	0.00822	0.01095	0.02341	0.81057	0.02797	0.01326	0.00545	0.00174	0.00254	0.04845	0.00395	0.00348
26	0.01001	0.01137	0.02453	0.01761	0.02171	0.01087	0.77040	0.01347	0.00988	0.01347	0.00846	0.01137	0.00641	0.00377	0.00545	0.00146	0.04697	0.00496	0.00214	0.00569
27	0.00919	0.00848	0.00799	0.00772	0.00928	0.16165	0.00612	0.02077	0.15573	0.02697	0.24091	0.02890	0.06309	0.00823	0.00489	0.00149	0.00391	0.22607	0.00391	0.00471
28	0.01024	0.39105	0.01687	0.33387	0.01818	0.05224	0.00915	0.03652	0.00899	0.01102	0.00688	0.00907	0.00572	0.00420	0.00406	0.00118	0.05203	0.00305	0.02055	0.00513
29	0.00518	0.00370	0.00494	0.00592	0.00617	0.00346	0.00395	0.00592	0.00815	0.01086	0.02345	0.84768	0.02814	0.01333	0.00543	0.00173	0.00247	0.01210	0.00395	0.00346
30	0.01205	0.01097	0.01813	0.01352	0.01716	0.01122	0.40445	0.22511	0.18252	0.04298	0.01112	0.01216	0.00816	0.00450	0.00465	0.00139	0.00561	0.00464	0.00326	0.00639
31	0.04650	0.00979	0.04322	0.07779	0.04602	0.00990	0.00796	0.27574	0.14726	0.25811	0.01278	0.01245	0.00890	0.00548	0.01743	0.00142	0.00437	0.00405	0.00410	0.00674
32	0.01519	0.05345	0.01222	0.02088	0.03642	0.30979	0.00784	0.21995	0.01330	0.16071	0.00978	0.02360	0.00742	0.00545	0.01775	0.00133	0.05683	0.00358	0.01857	0.00594
33	0.00561	0.00434	0.00511	0.00495	0.00614	0.00385	0.00373	0.00721	0.01097	0.01454	0.46438	0.03613	0.38185	0.00967	0.00504	0.00139	0.00211	0.02480	0.00435	0.00383
34	0.02967	0.00730	0.00916	0.00732	0.01000	0.00694	0.00593	0.14650	0.02867	0.45480	0.21385	0.01797	0.01724	0.00607	0.00441	0.00131	0.00336	0.00502	0.01813	0.00634
35	0.00894	0.00722	0.00853	0.00634	0.00977	0.00557	0.00501	0.01087	0.02009	0.04642	0.01959	0.07630	0.00873	0.00415	0.00342	0.00077	0.00310	0.00345	0.00280	0.74894
36	0.00853	0.02201	0.82841	0.01213	0.01842	0.00988	0.01572	0.01348	0.00898	0.01348	0.00764	0.00898	0.00539	0.00404	0.00404	0.00135	0.00629	0.00314	0.00180	0.00629
37	0.00619	0.00413	0.00464	0.00464	0.00464	0.00413	0.00258	0.00619	0.00619	0.00825	0.01341	0.02785	0.01547	0.85046	0.02166	0.00413	0.00413	0.00619	0.00258	0.00258
38	0.00739	0.00370	0.00554	0.00554	0.00554	0.00370	0.00370	0.00554	0.00554	0.00739	0.00739	0.01293	0.00739	0.01478	0.01663	0.87620	0.00370	0.00370	0.00185	0.00185
39	0.03253	0.07202	0.01211	0.00948	0.02582	0.29140	0.00747	0.22542	0.03694	0.20164	0.01071	0.01066	0.01674	0.00483	0.00396	0.00120	0.00531	0.00351	0.02209	0.00614
40	0.49178	0.00743	0.00668	0.00584	0.00815	0.02734	0.00466	0.01352	0.02303	0.16932	0.00989	0.01131	0.00759	0.06352	0.00438	0.00146	0.00332	0.00325	0.13262	0.00491
41	0.00523	0.00394	0.00484	0.00542	0.00607	0.00355	0.00376	0.00620	0.00899	0.01169	0.11235	0.53788	0.25039	0.01214	0.00528	0.00161	0.00233	0.01077	0.00403	0.00355
42	0.06316	0.03157	0.11626	0.02457	0.28608	0.03942	0.03471	0.14942	0.06786	0.10509	0.01040	0.01131	0.02117	0.00450	0.00410	0.00129	0.00483	0.00381	0.01397	0.00646
43	0.00962	0.01072	0.02278	0.04905	0.02103	0.01022	0.69333	0.01291	0.00976	0.01328	0.00939	0.06274	0.00773	0.00429	0.00519	0.00145	0.02659	0.00533	0.00225	0.02234
44	0.00860	0.00725	0.01074	0.22463	0.01549	0.00705	0.07219	0.01078	0.00872	0.04440	0.02639	0.03157	0.00824	0.00781	0.11246	0.00181	0.02104	0.00379	0.02700	0.35003
45	0.00883	0.08071	0.72603	0.01230	0.03717	0.01041	0.04026	0.01342	0.00901	0.01324	0.00755	0.00895	0.00546	0.00399	0.00398	0.00132	0.00616	0.00316	0.00182	0.00622
46	0.12264	0.06073	0.01167	0.00992	0.01222	0.65363	0.00759	0.02592	0.01139	0.01188	0.03157	0.00831	0.00646	0.00443	0.00367	0.00112	0.00676	0.00283	0.00233	0.00492
47	0.04769	0.10748	0.30615	0.00940	0.01329	0.00979	0.03514	0.07427	0.11690	0.06701	0.01130	0.01395	0.00897	0.00508	0.00398	0.00132	0.00469	0.06786	0.08985	0.00587

[dist]
# distance from previous block
# <min> <max>
0	1

[block]
# block no. 2 follows, 62 sequences, length 38
# corresponding to MSA columns:
# 206-243
name=unknown_C
#
# <colnr> <probs for GDERKNQSTAVLIFYWHMCP>
#	G	D	E	R	K	N	Q	S	T	A	V	L	I	F	Y	W	H	M	C	P
0	0.01100	0.00590	0.00759	0.00671	0.00852	0.00557	0.00521	0.07691	0.03586	0.27501	0.28100	0.20004	0.02420	0.00831	0.00481	0.00143	0.00293	0.02910	0.00465	0.00526
1	0.03370	0.20458	0.39085	0.01109	0.01584	0.01166	0.11630	0.03103	0.11004	0.02335	0.00870	0.00972	0.00657	0.00414	0.00388	0.00127	0.00550	0.00341	0.00228	0.00607
2	0.00853	0.02201	0.82841	0.01213	0.01842	0.00988	0.01572	0.01348	0.00898	0.01348	0.00764	0.00898	0.00539	0.00404	0.00404	0.00135	0.00629	0.00314	0.00180	0.00629
3	0.00939	0.00876	0.03248	0.32797	0.09125	0.00848	0.14369	0.01204	0.00916	0.05390	0.00825	0.01067	0.00632	0.00383	0.00406	0.00117	0.00505	0.00364	0.00231	0.25759
4	0.12497	0.23530	0.05576	0.03735	0.01719	0.01205	0.41496	0.01331	0.00926	0.03034	0.00764	0.00959	0.00596	0.00372	0.00402	0.00127	0.00581	0.00380	0.00217	0.00554
5	0.03156	0.00652	0.00946	0.47872	0.01927	0.00770	0.00829	0.05108	0.00921	0.01367	0.00990	0.01278	0.00758	0.00454	0.00376	0.00126	0.00425	0.00381	0.31207	0.00458
6	0.01406	0.00763	0.00928	0.00765	0.01016	0.00754	0.00610	0.22741	0.04618	0.34743	0.09129	0.16048	0.03147	0.00707	0.00456	0.00139	0.00352	0.00595	0.00465	0.00619
7	0.09551	0.00603	0.00860	0.10795	0.12848	0.00622	0.01563	0.01901	0.00876	0.06965	0.08424	0.28264	0.01657	0.00894	0.00619	0.11776	0.00359	0.00670	0.00317	0.00437
8	0.00666	0.00423	0.00554	0.00579	0.00659	0.00388	0.00412	0.00789	0.00975	0.08211	0.26439	0.48061	0.06557	0.01099	0.00515	0.00155	0.00241	0.00983	0.01901	0.00396
9	0.00527	0.00376	0.00503	0.00602	0.00631	0.00353	0.00410	0.00607	0.00823	0.01096	0.02341	0.80714	0.02796	0.01325	0.00545	0.00174	0.00254	0.05180	0.00395	0.00348
10	0.00533	0.00383	0.00517	0.00598	0.00632	0.00368	0.00409	0.00623	0.00827	0.01117	0.07376	0.71336	0.02720	0.01486	0.08682	0.00221	0.00332	0.01107	0.00383	0.00353
11	0.04141	0.48725	0.05058	0.01965	0.01186	0.01379	0.03121	0.07825	0.12111	0.07054	0.00923	0.01033	0.00753	0.00443	0.00341	0.00112	0.00444	0.02528	0.00270	0.00586
12	0.01824	0.00743	0.00985	0.00768	0.01088	0.00669	0.00630	0.02093	0.09304	0.74550	0.01684	0.01462	0.01078	0.00532	0.00428	0.00133	0.00360	0.00433	0.00517	0.00719
13	0.00617	0.00412	0.00465	0.00467	0.00467	0.00411	0.00261	0.00618	0.00623	0.00830	0.01361	0.04444	0.01573	0.83351	0.02133	0.00408	0.00409	0.00631	0.00261	0.00260
14	0.16751	0.00782	0.01116	0.37738	0.01881	0.00895	0.08554	0.08704	0.00959	0.01506	0.00877	0.01127	0.00666	0.00434	0.00380	0.00131	0.00462	0.00367	0.16179	0.00490
15	0.00839	0.00711	0.00771	0.01988	0.00930	0.04590	0.00581	0.02960	0.34973	0.01427	0.01949	0.34982	0.01958	0.00927	0.00489	0.00159	0.00333	0.08529	0.00400	0.00505
16	0.00524	0.00374	0.00498	0.00589	0.00618	0.00349	0.00395	0.00605	0.00839	0.01124	0.07247	0.79758	0.02888	0.01305	0.00541	0.00170	0.00244	0.01183	0.00399	0.00349
17	0.00735	0.09180	0.17366	0.00991	0.10567	0.00704	0.02281	0.00914	0.00845	0.01153	0.01545	0.40827	0.01708	0.02341	0.00559	0.04589	0.00396	0.02549	0.00293	0.00456
18	0.03807	0.19945	0.04301	0.08514	0.06338	0.05051	0.07510	0.17733	0.01145	0.05027	0.02053	0.03880	0.00801	0.00477	0.00407	0.00122	0.02693	0.00382	0.09250	0.00565
19	0.00812	0.00801	0.03447	0.77469	0.02832	0.00941	0.03912	0.01102	0.00858	0.01113	0.00772	0.01137	0.00579	0.00424	0.00425	0.00141	0.00567	0.00381	0.01810	0.00479
20	0.00518	0.00370	0.00494	0.00592	0.00617	0.00346	0.00395	0.00592	0.00815	0.01086	0.02345	0.84768	0.02814	0.01333	0.00543	0.00173	0.00247	0.01210	0.00395	0.00346
21	0.01082	0.35533	0.37017	0.01010	0.01490	0.01239	0.06307	0.01390	0.00923	0.09205	0.00790	0.00882	0.00599	0.00397	0.00360	0.00117	0.00538	0.00303	0.00217	0.00601
22	0.00927	0.00783	0.00907	0.00652	0.01027	0.00613	0.00523	0.05978	0.00951	0.01466	0.00773	0.00891	0.00636	0.00327	0.00322	0.00067	0.00325	0.00260	0.00263	0.82309
23	0.00654	0.00470	0.00621	0.00614	0.00672	0.00515	0.00438	0.04513	0.00732	0.01017	0.01284	0.07399	0.01333	0.32161	0.45093	0.00528	0.00791	0.00559	0.00259	0.00350
24	0.00518	0.00370	0.00494	0.00592	0.00617	0.00346	0.00395	0.00592	0.00815	0.01086	0.02345	0.84768	0.02814	0.01333	0.00543	0.00173	0.00247	0.01210	0.00395	0.00346
25	0.20848	0.02415	0.01031	0.25906	0.03366	0.07862	0.00793	0.09755	0.00976	0.02702	0.02131	0.01054	0.00685	0.00472	0.00455	0.00133	0.07930	0.00342	0.10645	0.00497
26	0.36598	0.01012	0.00995	0.00795	0.01104	0.01127	0.00656	0.43637	0.01434	0.07531	0.00890	0.00915	0.00639	0.00465	0.00360	0.00130	0.00405	0.00324	0.00367	0.00617
27	0.00527	0.00377	0.00504	0.00603	0.00631	0.00353	0.00410	0.00608	0.00823	0.01096	0.02340	0.80559	0.02795	0.01325	0.00545	0.00174	0.00254	0.05333	0.00395	0.00348
28	0.02778	0.14937	0.56446	0.01238	0.09584	0.01080	0.01343	0.01367	0.00913	0.05433	0.00783	0.00904	0.00578	0.00402	0.00384	0.00127	0.00570	0.00311	0.00202	0.00622
29	0.00725	0.00656	0.01074	0.19602	0.11824	0.00702	0.08506	0.00903	0.00857	0.01149	0.01635	0.33281	0.07307	0.00928	0.03602	0.00175	0.05587	0.00748	0.00289	0.00448
30	0.00526	0.00378	0.00502	0.00597	0.00629	0.00353	0.00408	0.00608	0.00828	0.01098	0.02399	0.78326	0.05146	0.01318	0.00544	0.00173	0.00253	0.05171	0.00395	0.00348
31	0.37900	0.01512	0.40718	0.03022	0.01461	0.00979	0.06205	0.01301	0.00830	0.01581	0.00697	0.00832	0.00513	0.00398	0.00351	0.00134	0.00506	0.00292	0.00218	0.00550
32	0.08954	0.00928	0.04408	0.06599	0.21259	0.00907	0.03826	0.09627	0.13047	0.08430	0.01329	0.02448	0.07290	0.00512	0.00414	0.00130	0.00422	0.01514	0.00318	0.07637
33	0.03971	0.00412	0.00575	0.00556	0.00592	0.00404	0.00380	0.00623	0.00589	0.00842	0.00748	0.01251	0.00729	0.01343	0.01496	0.76908	0.00361	0.00357	0.02021	0.05842
34	0.00967	0.01009	0.06539	0.01197	0.01516	0.00950	0.33099	0.01589	0.30090	0.03273	0.01516	0.01657	0.07969	0.05970	0.00577	0.00160	0.00504	0.00523	0.00317	0.00578
35	0.01060	0.27508	0.16093	0.17170	0.09670	0.03998	0.07498	0.06456	0.03122	0.02533	0.00773	0.00942	0.00609	0.00404	0.00379	0.00121	0.00540	0.00330	0.00217	0.00577
36	0.01080	0.04013	0.36135	0.00947	0.01341	0.00832	0.01016	0.08604	0.02885	0.17614	0.01338	0.15821	0.01170	0.00642	0.00441	0.00142	0.00470	0.04588	0.00325	0.00593
37	0.76271	0.00823	0.00674	0.00588	0.00855	0.00937	0.00484	0.05045	0.00820	0.07149	0.00702	0.00778	0.00527	0.00411	0.00282	0.00131	0.00335	0.00254	0.02445	0.00489

[dist]
# distance from previous block
# <min> <max>
0	2

[block]
# block no. 3 follows, 62 sequences, length 53
# corresponding to MSA columns:
# 246-298
name=unknown_D
#
# <colnr> <probs for GDERKNQSTAVLIFYWHMCP>
#	G	D	E	R	K	N	Q	S	T	A	V	L	I	F	Y	W	H	M	C	P
0	0.30626	0.05249	0.00706	0.02432	0.00810	0.00711	0.00479	0.06540	0.00866	0.01470	0.01496	0.41601	0.01656	0.02943	0.00462	0.00156	0.00313	0.00729	0.00332	0.00423
1	0.00601	0.00400	0.00518	0.00581	0.00637	0.00366	0.00398	0.00687	0.00863	0.05745	0.05403	0.67247	0.10741	0.02949	0.00564	0.00171	0.00252	0.01106	0.00402	0.00369
2	0.00908	0.00689	0.00748	0.00705	0.00859	0.04994	0.00559	0.14523	0.04297	0.01571	0.05640	0.16167	0.03580	0.00812	0.00475	0.00142	0.02407	0.17452	0.18055	0.05415
3	0.74706	0.00853	0.00710	0.00612	0.00886	0.00972	0.00504	0.09094	0.00877	0.06573	0.00696	0.00767	0.00520	0.00414	0.00289	0.00131	0.00345	0.00257	0.00294	0.00501
4	0.01036	0.00817	0.00924	0.02561	0.01073	0.00812	0.00602	0.11109	0.28396	0.04914	0.07648	0.03531	0.01218	0.00513	0.00395	0.00112	0.00335	0.00424	0.02393	0.31187
5	0.79315	0.04464	0.00692	0.00565	0.00824	0.00955	0.00469	0.01226	0.00758	0.01858	0.05226	0.00832	0.00666	0.00421	0.00277	0.00130	0.00327	0.00261	0.00271	0.00461
6	0.01466	0.00814	0.00994	0.00749	0.01093	0.00727	0.00612	0.15224	0.02413	0.37989	0.02395	0.01203	0.00894	0.00455	0.00389	0.00107	0.00361	0.00364	0.00410	0.31341
7	0.11920	0.00969	0.01771	0.09738	0.07187	0.01005	0.40565	0.02690	0.00939	0.01406	0.05458	0.04231	0.00880	0.00477	0.00547	0.00145	0.08827	0.00473	0.00240	0.00530
8	0.50367	0.00831	0.00771	0.00674	0.00935	0.00923	0.00553	0.10836	0.09984	0.06660	0.01072	0.01312	0.02808	0.00517	0.00346	0.00136	0.00350	0.06978	0.00331	0.03617
9	0.00518	0.00370	0.00494	0.00592	0.00617	0.00346	0.00395	0.00592	0.00815	0.01086	0.02345	0.84768	0.02814	0.01333	0.00543	0.00173	0.00247	0.01210	0.00395	0.00346
10	0.00939	0.00883	0.01502	0.45462	0.12740	0.00985	0.14905	0.08599	0.02648	0.01341	0.00943	0.02684	0.02187	0.00460	0.00445	0.00140	0.00556	0.01809	0.00234	0.00538
11	0.00964	0.23581	0.59146	0.01072	0.01622	0.01155	0.01321	0.01354	0.00901	0.04144	0.00752	0.00862	0.00559	0.00398	0.00371	0.00123	0.00575	0.00296	0.00193	0.00611
12	0.00931	0.00914	0.02937	0.41025	0.42061	0.00981	0.02642	0.01204	0.00913	0.01246	0.00780	0.01090	0.00621	0.00401	0.00424	0.00134	0.00540	0.00380	0.00200	0.00576
13	0.01242	0.00577	0.00774	0.00644	0.00856	0.00511	0.00511	0.01425	0.01211	0.41369	0.42745	0.02331	0.02564	0.00702	0.00466	0.00133	0.00280	0.00602	0.00497	0.00560
14	0.00710	0.00585	0.00801	0.00735	0.00765	0.00707	0.02139	0.00787	0.00672	0.00961	0.03176	0.04200	0.01230	0.35440	0.21026	0.00393	0.24549	0.00527	0.00239	0.00358
15	0.01197	0.00996	0.01022	0.00887	0.01146	0.04344	0.00698	0.16173	0.60996	0.04276	0.01592	0.01480	0.02124	0.00564	0.00430	0.00140	0.00376	0.00459	0.00425	0.00673
16	0.03879	0.00568	0.00671	0.00683	0.00822	0.00586	0.00551	0.01121	0.18631	0.01445	0.15343	0.08754	0.15461	0.00961	0.00511	0.00162	0.00308	0.28685	0.00409	0.00449
17	0.00538	0.00413	0.00460	0.00482	0.00563	0.00370	0.00330	0.00619	0.00868	0.01093	0.07377	0.22694	0.41489	0.19740	0.00881	0.00210	0.00266	0.00902	0.00369	0.00336
18	0.00859	0.00812	0.01376	0.66063	0.20460	0.00960	0.01209	0.01135	0.00877	0.01154	0.00766	0.01116	0.00591	0.00415	0.00424	0.00138	0.00554	0.00378	0.00194	0.00517
19	0.23451	0.00761	0.00904	0.00713	0.01026	0.00726	0.00589	0.03906	0.01115	0.60412	0.01390	0.01248	0.00897	0.00493	0.00387	0.00132	0.00357	0.00377	0.00458	0.00658
20	0.00541	0.00415	0.00495	0.00512	0.00607	0.00370	0.00370	0.00670	0.01005	0.01318	0.29803	0.26566	0.33636	0.01080	0.00514	0.00149	0.00219	0.00943	0.00420	0.00370
21	0.00518	0.00370	0.00494	0.00592	0.00617	0.00346	0.00395	0.00592	0.00815	0.01086	0.02345	0.84768	0.02814	0.01333	0.00543	0.00173	0.00247	0.01210	0.00395	0.00346
22	0.00570	0.00392	0.00479	0.00527	0.00539	0.00380	0.00325	0.00606	0.00715	0.00953	0.01833	0.42939	0.02168	0.44045	0.01371	0.00295	0.00331	0.00908	0.00325	0.00301
23	0.00676	0.00457	0.00510	0.00493	0.00513	0.00464	0.00289	0.05183	0.00697	0.00930	0.01323	0.02684	0.01500	0.80244	0.02067	0.00396	0.00416	0.00605	0.00267	0.00284
24	0.01531	0.01144	0.01255	0.05681	0.01394	0.01264	0.00815	0.71579	0.03853	0.02522	0.01014	0.01037	0.00725	0.00500	0.00422	0.00127	0.00465	0.00380	0.00406	0.03886
25	0.00972	0.00837	0.00923	0.00750	0.01058	0.00818	0.00591	0.01678	0.42077	0.01587	0.01254	0.01242	0.00971	0.00449	0.00375	0.00105	0.00326	0.00369	0.00344	0.43272
26	0.03648	0.03042	0.01002	0.00761	0.01069	0.00866	0.01981	0.20514	0.15562	0.02898	0.04274	0.02619	0.00968	0.00466	0.00375	0.00105	0.00355	0.00375	0.05289	0.33833
27	0.03552	0.03920	0.01373	0.18970	0.16384	0.00877	0.10117	0.01249	0.02130	0.06920	0.00837	0.01036	0.00655	0.00393	0.00424	0.00114	0.03438	0.00349	0.00244	0.27016
28	0.04014	0.00794	0.05436	0.00719	0.00933	0.03253	0.00590	0.08822	0.17142	0.06218	0.26076	0.11040	0.06374	0.00729	0.00452	0.00135	0.00321	0.00619	0.00404	0.05930
29	0.00570	0.00392	0.00479	0.00527	0.00539	0.00380	0.00325	0.00606	0.00715	0.00953	0.01833	0.42939	0.02168	0.44045	0.01371	0.00295	0.00331	0.00908	0.00325	0.00301
30	0.04080	0.01184	0.06938	0.01678	0.02090	0.01080	0.68968	0.01339	0.00968	0.01362	0.00829	0.01105	0.00628	0.00384	0.00539	0.00145	0.05427	0.00475	0.00213	0.00567
31	0.00911	0.11203	0.65829	0.01201	0.03139	0.03091	0.05028	0.01342	0.00909	0.01302	0.00768	0.00940	0.00574	0.00409	0.00397	0.00130	0.00612	0.01419	0.00186	0.00611
32	0.00725	0.00613	0.00950	0.41521	0.01855	0.00699	0.00893	0.00954	0.00912	0.01168	0.01685	0.04810	0.07843	0.00804	0.00500	0.00165	0.00460	0.32722	0.00293	0.00428
33	0.00567	0.00436	0.00521	0.00508	0.00625	0.00390	0.00386	0.00731	0.01099	0.01462	0.47013	0.03629	0.34866	0.00969	0.00507	0.00141	0.00217	0.05113	0.00435	0.00384
34	0.00737	0.00742	0.03229	0.04039	0.01351	0.00699	0.30436	0.00938	0.00877	0.01189	0.01581	0.42110	0.01716	0.00967	0.03835	0.00181	0.03792	0.00833	0.00301	0.00448
35	0.00878	0.04681	0.44938	0.21152	0.02127	0.01012	0.15613	0.01281	0.00905	0.01278	0.00781	0.01000	0.00572	0.00401	0.00421	0.00136	0.00618	0.00361	0.01270	0.00576
36	0.00597	0.00404	0.00470	0.00492	0.00497	0.00398	0.00287	0.00613	0.00661	0.00881	0.01555	0.20297	0.01818	0.67164	0.01819	0.00361	0.00377	0.00745	0.00287	0.00277
37	0.00605	0.00453	0.00677	0.00681	0.00755	0.00525	0.00527	0.00754	0.00689	0.00991	0.01183	0.04683	0.01127	0.03124	0.80359	0.00665	0.01107	0.00483	0.00234	0.00379
38	0.24338	0.01091	0.01079	0.00862	0.01172	0.02991	0.00707	0.52024	0.07942	0.02371	0.00957	0.00974	0.00696	0.00484	0.00383	0.00130	0.00428	0.00348	0.00379	0.00645
39	0.00803	0.00745	0.01250	0.81501	0.02857	0.00929	0.01155	0.01084	0.00852	0.01102	0.00775	0.01148	0.00583	0.00428	0.00422	0.00141	0.00556	0.00379	0.02820	0.00470
40	0.01079	0.00816	0.00885	0.00781	0.00986	0.00908	0.00592	0.08585	0.51196	0.08049	0.01584	0.01784	0.01284	0.18611	0.00802	0.00199	0.00366	0.00498	0.00402	0.00593
41	0.00597	0.00404	0.00470	0.00492	0.00497	0.00398	0.00287	0.00613	0.00661	0.00881	0.01555	0.20297	0.01818	0.67164	0.01819	0.00361	0.00377	0.00745	0.00287	0.00277
42	0.01292	0.00981	0.01295	0.25260	0.13199	0.01088	0.00962	0.36785	0.03526	0.08402	0.01008	0.02551	0.00749	0.00485	0.00427	0.00133	0.00486	0.00401	0.00334	0.00636
43	0.00611	0.00442	0.00540	0.00511	0.00631	0.00396	0.00385	0.00783	0.01135	0.03916	0.56714	0.03400	0.27124	0.00921	0.00500	0.00137	0.00210	0.00798	0.00448	0.00398
44	0.00674	0.00553	0.00811	0.00772	0.00833	0.00690	0.00614	0.00814	0.00677	0.00995	0.01021	0.01520	0.00960	0.02691	0.66588	0.00582	0.18150	0.00439	0.00219	0.00397
45	0.00722	0.00493	0.00681	0.00757	0.00865	0.00485	0.00655	0.00912	0.00995	0.04495	0.05473	0.05592	0.05376	0.01136	0.00574	0.00189	0.00375	0.69420	0.00400	0.00404
46	0.01176	0.01077	0.01537	0.20331	0.06265	0.08518	0.18791	0.20115	0.01180	0.04503	0.00851	0.01071	0.00649	0.00500	0.00573	0.03243	0.08391	0.00399	0.00267	0.00566
47	0.01087	0.01066	0.01966	0.17827	0.02141	0.01089	0.46545	0.18300	0.01183	0.01585	0.00902	0.02658	0.00687	0.00422	0.00471	0.00140	0.00626	0.00465	0.00258	0.00582
48	0.01025	0.07916	0.25205	0.02726	0.29958	0.00942	0.04347	0.01295	0.00933	0.08499	0.03359	0.01168	0.00793	0.00522	0.00522	0.07751	0.00511	0.01700	0.00236	0.00593
49	0.36907	0.00913	0.04884	0.25608	0.21645	0.00967	0.00933	0.01221	0.00830	0.01514	0.00700	0.00920	0.00548	0.00400	0.00356	0.00133	0.00456	0.00314	0.00225	0.00525
50	0.14812	0.01243	0.17806	0.06621	0.28565	0.04267	0.03991	0.07033	0.00997	0.06488	0.00815	0.00979	0.00623	0.00423	0.00431	0.00132	0.03575	0.00346	0.00246	0.00607
51	0.35203	0.03530	0.07943	0.04939	0.02355	0.00888	0.06448	0.04566	0.02967	0.18966	0.01054	0.07613	0.00836	0.00505	0.00371	0.00135	0.00407	0.00398	0.00323	0.00552
52	0.10375	0.10046	0.45139	0.07582	0.02733	0.00997	0.01172	0.01266	0.00886	0.04292	0.04005	0.03602	0.02133	0.00475	0.00424	0.00133	0.03585	0.00363	0.00224	0.00566

[dist]
# distance from previous block
# <min> <max>
7	30

[block]
# block no. 4 follows, 62 sequences, length 31
# corresponding to MSA columns:
# 332-362
name=unknown_E
#
# <colnr> <probs for GDERKNQSTAVLIFYWHMCP>
#	G	D	E	R	K	N	Q	S	T	A	V	L	I	F	Y	W	H	M	C	P
0	0.14134	0.17618	0.35651	0.02598	0.01603	0.01138	0.15256	0.02697	0.03119	0.01399	0.00753	0.00895	0.00572	0.00394	0.00377	0.00128	0.00554	0.00325	0.00210	0.00578
1	0.38806	0.05839	0.04424	0.04072	0.01165	0.04780	0.03884	0.20146	0.04328	0.03261	0.04984	0.00993	0.00773	0.00457	0.00351	0.00129	0.00421	0.00330	0.00308	0.00551
2	0.23141	0.04664	0.00950	0.02219	0.01033	0.06471	0.04262	0.07601	0.00987	0.08459	0.02233	0.10027	0.03015	0.00526	0.00365	0.00117	0.00380	0.00418	0.03139	0.19992
3	0.00940	0.00767	0.07139	0.02732	0.01079	0.00676	0.07858	0.07656	0.05546	0.13039	0.15089	0.27745	0.03313	0.00828	0.00516	0.00149	0.03302	0.00732	0.00386	0.00507
4	0.00793	0.00397	0.00397	0.00397	0.00496	0.00397	0.00297	0.00991	0.00892	0.01586	0.01388	0.01586	0.01091	0.00496	0.00297	0.00099	0.00198	0.00397	0.87408	0.00397
5	0.07130	0.00859	0.01134	0.02218	0.01244	0.00776	0.07944	0.05509	0.04784	0.33881	0.01389	0.03501	0.01057	0.00565	0.00448	0.00138	0.00421	0.04332	0.00418	0.22253
6	0.88052	0.00823	0.00625	0.00560	0.00823	0.00955	0.00461	0.01251	0.00724	0.01909	0.00592	0.00691	0.00461	0.00395	0.00263	0.00132	0.00329	0.00230	0.00263	0.00461
7	0.00793	0.00397	0.00397	0.00397	0.00496	0.00397	0.00297	0.00991	0.00892	0.01586	0.01388	0.01586	0.01091	0.00496	0.00297	0.00099	0.00198	0.00397	0.87408	0.00397
8	0.33077	0.01109	0.05780	0.03812	0.01190	0.13290	0.03282	0.10177	0.03524	0.18237	0.00932	0.00972	0.00667	0.00463	0.00381	0.01441	0.00456	0.00323	0.00323	0.00564
9	0.01211	0.00798	0.00912	0.00750	0.00985	0.00832	0.00600	0.31099	0.08601	0.13151	0.26786	0.01914	0.03741	0.00644	0.00444	0.00130	0.00335	0.00532	0.05947	0.00589
10	0.01019	0.15922	0.06231	0.02485	0.10672	0.07362	0.02939	0.01212	0.00946	0.06459	0.04222	0.09876	0.01002	0.00493	0.00377	0.00106	0.00424	0.00411	0.00267	0.27576
11	0.01000	0.00846	0.01304	0.12516	0.32574	0.00845	0.04543	0.01336	0.09705	0.07585	0.05689	0.03523	0.04233	0.00488	0.00424	0.00125	0.00434	0.00446	0.00288	0.12094
12	0.00984	0.14973	0.20432	0.03373	0.01680	0.01101	0.28494	0.03908	0.00946	0.02756	0.00861	0.05411	0.00720	0.00459	0.00498	0.00132	0.07076	0.00419	0.00223	0.05553
13	0.00901	0.03591	0.13554	0.11306	0.01964	0.00985	0.43615	0.01220	0.00944	0.01294	0.04609	0.08153	0.00947	0.00496	0.00517	0.00144	0.04476	0.00518	0.00231	0.00537
14	0.00793	0.00397	0.00397	0.00397	0.00496	0.00397	0.00297	0.00991	0.00892	0.01586	0.01388	0.01586	0.01091	0.00496	0.00297	0.00099	0.00198	0.00397	0.87408	0.00397
15	0.00739	0.00370	0.00554	0.00554	0.00554	0.00370	0.00370	0.00554	0.00554	0.00739	0.00739	0.01293	0.00739	0.01478	0.01663	0.87620	0.00370	0.00370	0.00185	0.00185
16	0.00793	0.00397	0.00397	0.00397	0.00496	0.00397	0.00297	0.00991	0.00892	0.01586	0.01388	0.01586	0.01091	0.00496	0.00297	0.00099	0.00198	0.00397	0.87408	0.00397
17	0.00926	0.00958	0.05503	0.18913	0.06835	0.00898	0.26335	0.05822	0.04232	0.01393	0.03822	0.07529	0.00937	0.00479	0.00444	0.00131	0.00524	0.00477	0.00257	0.13587
18	0.00946	0.05301	0.36176	0.01236	0.03932	0.01026	0.18401	0.01538	0.19804	0.01452	0.02549	0.01173	0.00827	0.00444	0.00425	0.00135	0.00546	0.00403	0.03073	0.00613
19	0.01909	0.00724	0.00987	0.00757	0.01086	0.00625	0.00625	0.02074	0.01218	0.82687	0.01679	0.01448	0.01053	0.00527	0.00428	0.00132	0.00362	0.00428	0.00527	0.00724
20	0.00561	0.00401	0.00540	0.00625	0.00672	0.00380	0.00454	0.00672	0.00888	0.01187	0.10521	0.60376	0.02864	0.01254	0.00548	0.00173	0.00271	0.16851	0.00402	0.00361
21	0.03580	0.06818	0.65908	0.01291	0.07331	0.01033	0.05579	0.01338	0.00901	0.01349	0.00756	0.00903	0.00552	0.00398	0.00399	0.00132	0.00606	0.00321	0.00186	0.00619
22	0.00992	0.01112	0.02194	0.07205	0.02076	0.04340	0.61794	0.01301	0.00960	0.01289	0.00858	0.03540	0.00691	0.00434	0.00585	0.00147	0.09228	0.00492	0.00216	0.00546
23	0.00570	0.00392	0.00478	0.00526	0.00538	0.00380	0.00324	0.00606	0.00713	0.00951	0.01826	0.42386	0.02159	0.44609	0.01382	0.00297	0.00333	0.00904	0.00324	0.00300
24	0.02384	0.01083	0.03225	0.05448	0.04926	0.02008	0.49023	0.03170	0.03788	0.04605	0.00860	0.01115	0.00663	0.00450	0.00638	0.00149	0.15214	0.00453	0.00234	0.00565
25	0.00941	0.04416	0.37470	0.02970	0.05249	0.01053	0.39019	0.01346	0.00949	0.01340	0.00805	0.01019	0.00596	0.00381	0.00447	0.00137	0.00659	0.00404	0.00198	0.00599
26	0.00529	0.00377	0.00498	0.00582	0.00612	0.00353	0.00389	0.00609	0.00835	0.01121	0.08302	0.74930	0.02847	0.05080	0.00613	0.00181	0.00251	0.01150	0.00394	0.00346
27	0.05046	0.01408	0.01231	0.00995	0.01299	0.23931	0.00799	0.55935	0.01731	0.02198	0.00904	0.00938	0.00665	0.00486	0.00408	0.00123	0.00545	0.00347	0.00362	0.00650
28	0.01022	0.10264	0.07384	0.01159	0.01360	0.06754	0.15078	0.05363	0.02812	0.01214	0.00784	0.05409	0.00717	0.00605	0.00858	0.00155	0.37903	0.00417	0.00222	0.00519
29	0.00579	0.00443	0.00486	0.00469	0.00609	0.00379	0.00354	0.00712	0.01038	0.04220	0.23954	0.03768	0.59477	0.01005	0.00500	0.00141	0.00217	0.00849	0.00418	0.00383
30	0.00524	0.00373	0.00492	0.00585	0.00608	0.00349	0.00387	0.00594	0.00803	0.01071	0.02288	0.80086	0.02742	0.06114	0.00636	0.00186	0.00256	0.01176	0.00387	0.00341

[dist]
# distance from previous block
# <min> <max>
0	23

[block]
# block no. 5 follows, 62 sequences, length 43
# corresponding to MSA columns:
# 386-428
name=unknown_F
#
# <colnr> <probs for GDERKNQSTAVLIFYWHMCP>
#	G	D	E	R	K	N	Q	S	T	A	V	L	I	F	Y	W	H	M	C	P
0	0.03135	0.00981	0.01266	0.08825	0.01359	0.01204	0.03355	0.29782	0.01184	0.02678	0.00827	0.02583	0.00686	0.00642	0.01830	0.00161	0.36212	0.00396	0.02333	0.00561
1	0.00944	0.00868	0.01417	0.54792	0.21522	0.00999	0.03366	0.08601	0.00990	0.01315	0.00794	0.01105	0.00609	0.00421	0.00427	0.00137	0.00548	0.00382	0.00217	0.00546
2	0.00523	0.00374	0.00498	0.00590	0.00618	0.00348	0.00395	0.00603	0.00834	0.01118	0.06376	0.80648	0.02875	0.01310	0.00541	0.00171	0.00245	0.01187	0.00399	0.00348
3	0.03543	0.01508	0.05831	0.01335	0.01681	0.29840	0.31743	0.16495	0.01250	0.01513	0.00808	0.00967	0.00616	0.00418	0.00435	0.00128	0.00673	0.00384	0.00256	0.00574
4	0.00521	0.00375	0.00494	0.00589	0.00620	0.00349	0.00397	0.00598	0.00824	0.01092	0.02431	0.79765	0.06330	0.01319	0.00542	0.00172	0.00248	0.02591	0.00395	0.00347
5	0.00536	0.00398	0.00565	0.00635	0.00674	0.00372	0.03251	0.00620	0.00821	0.01096	0.02293	0.81799	0.02737	0.01298	0.00542	0.00172	0.00264	0.01185	0.00389	0.00354
6	0.02541	0.03839	0.79642	0.01190	0.01807	0.01001	0.01534	0.01344	0.00894	0.01351	0.00757	0.00890	0.00538	0.00403	0.00399	0.00134	0.00620	0.00311	0.00181	0.00624
7	0.00779	0.00652	0.01080	0.61519	0.02292	0.00789	0.00964	0.00945	0.00779	0.01004	0.00802	0.03777	0.00678	0.00705	0.00724	0.21005	0.00510	0.00402	0.00194	0.00400
8	0.00593	0.00435	0.00556	0.00526	0.00630	0.00398	0.00394	0.00785	0.01183	0.01654	0.74902	0.03264	0.11313	0.00889	0.00502	0.00135	0.00202	0.00782	0.00462	0.00398
9	0.01534	0.01111	0.01188	0.00920	0.01236	0.01226	0.00757	0.72850	0.01888	0.02570	0.01059	0.01079	0.00761	0.00509	0.00413	0.00125	0.00441	0.00384	0.09260	0.00690
10	0.01738	0.00892	0.01072	0.00826	0.01148	0.00888	0.00681	0.33158	0.01510	0.47015	0.01405	0.01287	0.00925	0.00519	0.00420	0.00128	0.00396	0.00409	0.04874	0.00707
11	0.00991	0.27989	0.50934	0.01088	0.03469	0.06197	0.01258	0.01345	0.00908	0.01222	0.00705	0.00827	0.00545	0.00393	0.00363	0.00119	0.00580	0.00286	0.00184	0.00596
12	0.01872	0.00784	0.01025	0.00786	0.01116	0.00714	0.00649	0.12202	0.01318	0.72416	0.01594	0.01393	0.01011	0.00525	0.00428	0.00131	0.00376	0.00422	0.00514	0.00724
13	0.00589	0.00434	0.00550	0.00521	0.00627	0.00396	0.00391	0.00777	0.01173	0.01631	0.71685	0.03302	0.14544	0.00898	0.00502	0.00135	0.00203	0.00787	0.00459	0.00396
14	0.01058	0.00914	0.00962	0.00866	0.01106	0.01058	0.00673	0.02261	0.81623	0.01780	0.01732	0.01588	0.01299	0.00577	0.00433	0.00144	0.00337	0.00481	0.00433	0.00673
15	0.01306	0.01033	0.01102	0.00911	0.01192	0.04009	0.02593	0.33175	0.37550	0.05461	0.01482	0.01414	0.04080	0.00556	0.00430	0.00135	0.00407	0.00448	0.02047	0.00670
16	0.00627	0.00539	0.00550	0.00528	0.00694	0.00516	0.00402	0.00980	0.19015	0.01291	0.03734	0.03534	0.64115	0.00966	0.00487	0.00144	0.00243	0.00805	0.00404	0.00430
17	0.00518	0.00370	0.00494	0.00592	0.00617	0.00346	0.00395	0.00592	0.00815	0.01086	0.02345	0.84768	0.02814	0.01333	0.00543	0.00173	0.00247	0.01210	0.00395	0.00346
18	0.00934	0.00941	0.01357	0.01147	0.01166	0.01293	0.04476	0.01039	0.00667	0.01039	0.00572	0.00941	0.00562	0.00728	0.01357	0.00184	0.80561	0.00378	0.00187	0.00470
19	0.00971	0.00989	0.01869	0.23953	0.34571	0.01015	0.27789	0.01267	0.00949	0.01301	0.00809	0.01106	0.00636	0.00385	0.00449	0.00136	0.00593	0.00420	0.00206	0.00587
20	0.00594	0.00425	0.00576	0.00645	0.00711	0.00407	0.00495	0.00738	0.00958	0.01289	0.20173	0.39349	0.02959	0.01176	0.00549	0.00172	0.00286	0.27716	0.00410	0.00374
21	0.00632	0.00541	0.00556	0.00537	0.00702	0.00519	0.00411	0.00987	0.19015	0.01294	0.03680	0.03552	0.62049	0.00968	0.00489	0.00145	0.00247	0.02841	0.00404	0.00430
22	0.00854	0.01798	0.58799	0.19804	0.04316	0.00983	0.04994	0.01289	0.00894	0.01291	0.00767	0.00966	0.00554	0.00406	0.00414	0.00136	0.00616	0.00339	0.00184	0.00593
23	0.00914	0.01721	0.47130	0.01452	0.01986	0.01016	0.35273	0.01345	0.00945	0.01353	0.00833	0.01078	0.00620	0.00399	0.00449	0.00140	0.00662	0.01884	0.00199	0.00601
24	0.00812	0.00753	0.01242	0.72071	0.02641	0.00950	0.01117	0.01054	0.00817	0.01064	0.00737	0.01123	0.00575	0.00508	0.00579	0.04564	0.08368	0.00377	0.00189	0.00457
25	0.00669	0.00479	0.00665	0.00751	0.00845	0.00474	0.00644	0.00860	0.00992	0.01304	0.09715	0.08687	0.02613	0.01155	0.00577	0.00189	0.00367	0.68223	0.00399	0.00390
26	0.08991	0.02072	0.75169	0.01152	0.01747	0.00985	0.01468	0.01338	0.00882	0.01400	0.00748	0.00879	0.00532	0.00403	0.00391	0.00134	0.00601	0.00307	0.00187	0.00613
27	0.00965	0.19823	0.01963	0.28204	0.05767	0.01149	0.31502	0.01231	0.00910	0.01178	0.00761	0.01039	0.00602	0.00411	0.00452	0.02333	0.00592	0.00392	0.00198	0.00530
28	0.00837	0.00801	0.01222	0.47057	0.07152	0.02834	0.01031	0.01043	0.00813	0.01089	0.00886	0.10448	0.00823	0.00604	0.00679	0.00155	0.21375	0.00468	0.00213	0.00470
29	0.00789	0.00398	0.00403	0.00403	0.00502	0.00400	0.00303	0.00986	0.00888	0.01573	0.01383	0.01588	0.01090	0.00556	0.02139	0.00112	0.00219	0.00398	0.85475	0.00396
30	0.00810	0.00768	0.01315	0.81463	0.02909	0.00949	0.03662	0.01096	0.00856	0.01096	0.00760	0.01135	0.00570	0.00423	0.00428	0.00142	0.00572	0.00382	0.00190	0.00476
31	0.88052	0.00823	0.00625	0.00560	0.00823	0.00955	0.00461	0.01251	0.00724	0.01909	0.00592	0.00691	0.00461	0.00395	0.00263	0.00132	0.00329	0.00230	0.00263	0.00461
32	0.00869	0.06716	0.78462	0.01186	0.01801	0.01026	0.01526	0.01344	0.00897	0.01329	0.00754	0.00887	0.00539	0.00402	0.00397	0.00132	0.00619	0.00310	0.00180	0.00624
33	0.00608	0.00456	0.00684	0.00684	0.00760	0.00532	0.00532	0.00760	0.00684	0.00988	0.01140	0.01672	0.01064	0.03191	0.83360	0.00684	0.01140	0.00456	0.00228	0.00380
34	0.00853	0.02201	0.82841	0.01213	0.01842	0.00988	0.01572	0.01348	0.00898	0.01348	0.00764	0.00898	0.00539	0.00404	0.00404	0.00135	0.00629	0.00314	0.00180	0.00629
35	0.00984	0.00952	0.01225	0.54826	0.02306	0.11187	0.01036	0.08750	0.00991	0.01248	0.00824	0.01118	0.01673	0.00472	0.00495	0.00138	0.07380	0.00373	0.03526	0.00494
36	0.01599	0.01181	0.01267	0.00970	0.01312	0.01300	0.00801	0.78930	0.01972	0.02649	0.01015	0.01018	0.00721	0.00506	0.00423	0.00126	0.00464	0.00380	0.00421	0.02947
37	0.00619	0.00413	0.00464	0.00464	0.00464	0.00413	0.00258	0.00619	0.00619	0.00825	0.01341	0.02785	0.01547	0.85046	0.02166	0.00413	0.00413	0.00619	0.00258	0.00258
38	0.00518	0.00372	0.00492	0.00587	0.00616	0.00346	0.00392	0.00593	0.00820	0.01088	0.02415	0.81904	0.05634	0.01324	0.00542	0.00172	0.00246	0.01199	0.00395	0.00346
39	0.02680	0.05211	0.01159	0.19578	0.07270	0.10291	0.01737	0.18627	0.03866	0.04011	0.03259	0.14035	0.01147	0.02818	0.00480	0.00144	0.00475	0.02367	0.00311	0.00535
40	0.01006	0.29278	0.43972	0.01099	0.01600	0.05011	0.08648	0.02552	0.00928	0.01242	0.00715	0.00847	0.00554	0.00390	0.00370	0.00120	0.00584	0.00303	0.00189	0.00592
41	0.00609	0.00409	0.00467	0.00476	0.00478	0.00406	0.00271	0.00616	0.00637	0.00849	0.01434	0.10435	0.01665	0.77234	0.02014	0.00390	0.00397	0.00674	0.00271	0.00266
42	0.00996	0.01283	0.13111	0.01456	0.01778	0.07302	0.41373	0.01279	0.00910	0.01243	0.00795	0.03274	0.00660	0.00496	0.00709	0.00151	0.21991	0.00445	0.00208	0.00542

[dist]
# distance from previous block
# <min> <max>
4	12

[block]
# block no. 6 follows, 62 sequences, length 14
# corresponding to MSA columns:
# 442-455
name=unknown_G
#
# <colnr> <probs for GDERKNQSTAVLIFYWHMCP>
#	G	D	E	R	K	N	Q	S	T	A	V	L	I	F	Y	W	H	M	C	P
0	0.00836	0.00790	0.01373	0.21402	0.27948	0.00829	0.11678	0.01057	0.00894	0.01221	0.01217	0.24121	0.01231	0.00660	0.00493	0.00147	0.02707	0.00624	0.00256	0.00516
1	0.00602	0.00435	0.00569	0.00535	0.00636	0.00401	0.00401	0.00803	0.01204	0.01706	0.82167	0.03178	0.04015	0.00870	0.00502	0.00134	0.00201	0.00770	0.00468	0.00401
2	0.00540	0.00406	0.00500	0.00533	0.00612	0.00366	0.00378	0.00661	0.00973	0.01291	0.27114	0.38998	0.23824	0.01126	0.00520	0.00153	0.00225	0.00995	0.00417	0.00366
3	0.80266	0.00785	0.00605	0.00545	0.00794	0.00905	0.00446	0.01228	0.00739	0.01880	0.00663	0.00771	0.00517	0.00404	0.00266	0.00129	0.00317	0.00245	0.08039	0.00455
4	0.00739	0.00370	0.00554	0.00554	0.00554	0.00370	0.00370	0.00554	0.00554	0.00739	0.00739	0.01293	0.00739	0.01478	0.01663	0.87620	0.00370	0.00370	0.00185	0.00185
5	0.00522	0.00373	0.00497	0.00590	0.00618	0.00348	0.00395	0.00602	0.00833	0.01115	0.06115	0.80915	0.02871	0.01311	0.00541	0.00171	0.00245	0.01189	0.00398	0.00348
6	0.30418	0.01079	0.01050	0.00836	0.01147	0.03468	0.00688	0.50000	0.01531	0.04612	0.00887	0.00916	0.00640	0.00471	0.00370	0.00129	0.00427	0.00330	0.00369	0.00630
7	0.00939	0.00898	0.01565	0.27472	0.43521	0.00950	0.08261	0.01206	0.00937	0.01284	0.00922	0.01421	0.00797	0.00463	0.00445	0.00139	0.00533	0.07451	0.00221	0.00578
8	0.00602	0.00435	0.00569	0.00535	0.00636	0.00401	0.00401	0.00803	0.01204	0.01706	0.82167	0.03178	0.04015	0.00870	0.00502	0.00134	0.00201	0.00770	0.00468	0.00401
9	0.00613	0.00410	0.00466	0.00472	0.00473	0.00409	0.00266	0.00617	0.00630	0.00840	0.01399	0.07536	0.01620	0.80195	0.02072	0.00399	0.00403	0.00653	0.00266	0.00263
10	0.00989	0.02363	0.00720	0.00659	0.00799	0.00506	0.00492	0.03986	0.00995	0.25078	0.07157	0.45793	0.02157	0.01115	0.04904	0.00182	0.00338	0.00861	0.00426	0.00480
11	0.01249	0.01167	0.01831	0.06168	0.01818	0.05522	0.38688	0.31031	0.03115	0.01835	0.00934	0.01099	0.00689	0.00431	0.00457	0.00135	0.00599	0.00436	0.02179	0.00618
12	0.02814	0.29286	0.35829	0.01225	0.11455	0.01229	0.05412	0.04150	0.00943	0.02929	0.00741	0.00871	0.00579	0.00392	0.00367	0.00119	0.00544	0.00307	0.00204	0.00606
13	0.27790	0.03929	0.07268	0.00726	0.01010	0.04599	0.00634	0.10292	0.04649	0.13308	0.15168	0.01354	0.01265	0.00518	0.00374	0.00126	0.00372	0.00393	0.01758	0.04468

[dist]
# distance from previous block
# <min> <max>
0	54

[block]
