25
Canis_lupus              0.0000000 0.8524992 0.5324464 1.4968466 1.1579702 0.9707684 0.9544964 0.9844572 1.0994744 0.3698304 1.6259204 0.3612110 0.8715401 2.5509826 0.9297571 1.0550741 0.2702500 1.0346231 0.8765474 1.1790692 0.9031918 0.9882701 0.4915220 0.9668852 0.4014945 
Amblyraja_radiata        0.8524992 0.0000000 0.9728754 1.0622678 0.7854146 0.5981400 0.5439876 0.7312929 0.4863202 1.0249593 0.8398978 0.9133628 0.5838764 1.7716481 0.2767181 0.6874387 0.8551149 0.6143768 1.0875047 0.8345329 0.4073660 0.7810102 0.8077646 0.7298019 1.1723357 
Notamacropus_eugenii     0.5324464 0.9728754 0.0000000 1.5030098 1.2663518 0.9292112 0.9928141 1.0064811 0.8825143 0.7250530 1.3240140 0.7270126 0.8467522 2.3450249 1.0735173 1.0168131 0.5998792 0.9606874 1.1145162 1.1547666 1.0840449 1.0741661 0.2369224 1.0258618 0.8688202 
Eptatretus_burgeri       1.4968466 1.0622678 1.5030098 0.0000000 1.2582227 0.8897565 0.9919355 1.1748668 0.8940668 1.7156192 1.1677725 1.4956321 0.9640284 1.4765808 0.9671002 1.1692186 1.5411559 1.0451897 1.4915137 1.3148126 1.1755946 1.2107948 1.5234510 1.1932235 1.9792258 
Takifugu_rubripes        1.1579702 0.7854146 1.2663518 1.2582227 0.0000000 0.9920763 0.7495988 1.1385568 0.9760975 1.3734800 0.7518372 1.1107902 1.1844128 1.9639235 0.8072924 1.1656537 1.2962814 0.9303724 1.2445470 1.0349040 0.7870632 1.0731307 1.3066818 1.0666252 1.6095288 
Xenopus_tropicalis       0.9707684 0.5981400 0.9292112 0.8897565 0.9920763 0.0000000 0.4143784 0.6687852 0.6964218 1.0804390 1.2141557 1.0572615 0.6630483 1.8198128 0.5741802 0.7220049 1.0668551 0.7639948 0.9249605 0.6601396 0.5977394 0.7768280 1.1540146 0.6637014 1.2613141 
Neoceratodus_forsteri    0.9544964 0.5439876 0.9928141 0.9919355 0.7495988 0.4143784 0.0000000 0.6258290 0.3738561 1.0030191 0.7260668 0.9485757 0.4931607 1.6215090 0.5113544 0.6080222 0.8601015 0.4171765 0.8561425 0.5375145 0.5002349 0.3812481 0.7877909 0.6361014 1.2448647 
Gallus_gallus            0.9844572 0.7312929 1.0064811 1.1748668 1.1385568 0.6687852 0.6258290 0.0000000 0.8196315 1.0024217 1.1981655 1.0285729 0.5862940 2.1778651 0.8790553 0.3087950 0.8750165 0.8361794 1.0691745 0.9349678 0.8922765 0.8300386 0.9465909 0.0515928 1.2285516 
Latimeria_chalumnae      1.0994744 0.4863202 0.8825143 0.8940668 0.9760975 0.6964218 0.3738561 0.8196315 0.0000000 0.9972761 1.1916379 1.0328918 0.8715330 2.0834003 0.4662377 0.8761946 1.3190413 0.8968554 0.8931846 0.8956487 0.4429066 0.8103712 1.3421290 0.7357875 1.3193471 
Homo_sapiens             0.3698304 1.0249593 0.7250530 1.7156192 1.3734800 1.0804390 1.0030191 1.0024217 0.9972761 0.0000000 1.5858084 0.4534350 0.9471738 2.4450834 1.1542210 0.9924010 0.3561603 1.1559384 0.9422108 1.3162528 1.0546202 1.1297241 0.5738931 0.9907515 0.5003167 
Oreochromis_niloticus    1.6259204 0.8398978 1.3240140 1.1677725 0.7518372 1.2141557 0.7260668 1.1981655 1.1916379 1.5858084 0.0000000 1.5179709 1.5181401 1.9366448 0.9550792 1.2248247 1.8945087 0.9627432 1.0925241 1.0190744 0.9079153 1.2275536 1.9435512 1.1066848 1.8950287 
Mus_musculus             0.3612110 0.9133628 0.7270126 1.4956321 1.1107902 1.0572615 0.9485757 1.0285729 1.0328918 0.4534350 1.5179709 0.0000000 0.8828599 2.3189357 0.9363879 1.0682382 0.3782410 1.1166634 1.0075709 1.2612163 0.9280407 1.0254270 0.6667946 1.0256028 0.5401184 
Anolis_carolinensis      0.8715401 0.5838764 0.8467522 0.9640284 1.1844128 0.6630483 0.4931607 0.5862940 0.8715330 0.9471738 1.5181401 0.8828599 0.0000000 2.2086440 0.6377047 0.7404869 0.9881568 0.9160100 0.9557829 0.9410982 0.6557479 0.8349150 1.0211709 0.5704132 1.1656828 
Petromyzon_marinus       2.5509826 1.7716481 2.3450249 1.4765808 1.9639235 1.8198128 1.6215090 2.1778651 2.0834003 2.4450834 1.9366448 2.3189357 2.2086440 0.0000000 2.1677066 2.3518054 2.5423200 1.9295207 1.9279272 2.1372632 2.1321492 1.7873620 2.4372291 2.2502230 3.0012244 
Scyliorhinus_canicula    0.9297571 0.2767181 1.0735173 0.9671002 0.8072924 0.5741802 0.5113544 0.8790553 0.4662377 1.1542210 0.9550792 0.9363879 0.6377047 2.1677066 0.0000000 0.8560763 0.9844400 0.6792955 1.1710785 0.8956063 0.3124729 0.7930586 0.8844908 0.8909476 1.2759643 
Taeniopygia_guttata      1.0550741 0.6874387 1.0168131 1.1692186 1.1656537 0.7220049 0.6080222 0.3087950 0.8761946 0.9924010 1.2248247 1.0682382 0.7404869 2.3518054 0.8560763 0.0000000 0.9801494 0.9467219 1.0355831 0.9711359 0.8788404 0.8357233 0.9791972 0.2576500 1.3197817 
Dasypus_novemcinctus     0.2702500 0.8551149 0.5998792 1.5411559 1.2962814 1.0668551 0.8601015 0.8750165 1.3190413 0.3561603 1.8945087 0.3782410 0.9881568 2.5423200 0.9844400 0.9801494 0.0000000 1.2007419 0.9098781 1.2772313 0.9678335 1.2232719 0.5367742 0.8662908 0.4139239 
Danio_kyathit            1.0346231 0.6143768 0.9606874 1.0451897 0.9303724 0.7639948 0.4171765 0.8361794 0.8968554 1.1559384 0.9627432 1.1166634 0.9160100 1.9295207 0.6792955 0.9467219 1.2007419 0.0000000 0.9304598 0.9897555 0.6517437 0.8921649 1.1179244 0.8103786 1.4985974 
Ornithorhynchus_anatinus 0.8765474 1.0875047 1.1145162 1.4915137 1.2445470 0.9249605 0.8561425 1.0691745 0.8931846 0.9422108 1.0925241 1.0075709 0.9557829 1.9279272 1.1710785 1.0355831 0.9098781 0.9304598 0.0000000 1.0693256 1.1072363 0.9623893 0.8225644 1.0571606 1.1485570 
Rana_temporaria          1.1790692 0.8345329 1.1547666 1.3148126 1.0349040 0.6601396 0.5375145 0.9349678 0.8956487 1.3162528 1.0190744 1.2612163 0.9410982 2.1372632 0.8956063 0.9711359 1.2772313 0.9897555 1.0693256 0.0000000 0.8971812 0.8575762 1.1921856 0.8870718 1.6683865 
Callorhinchus_milii      0.9031918 0.4073660 1.0840449 1.1755946 0.7870632 0.5977394 0.5002349 0.8922765 0.4429066 1.0546202 0.9079153 0.9280407 0.6557479 2.1321492 0.3124729 0.8788404 0.9678335 0.6517437 1.1072363 0.8971812 0.0000000 0.6837376 0.9201967 0.8979637 1.2412712 
Protopterus_annectens    0.9882701 0.7810102 1.0741661 1.2107948 1.0731307 0.7768280 0.3812481 0.8300386 0.8103712 1.1297241 1.2275536 1.0254270 0.8349150 1.7873620 0.7930586 0.8357233 1.2232719 0.8921649 0.9623893 0.8575762 0.6837376 0.0000000 1.1758082 0.7969552 1.3890915 
Monodelphis_domestica    0.4915220 0.8077646 0.2369224 1.5234510 1.3066818 1.1540146 0.7877909 0.9465909 1.3421290 0.5738931 1.9435512 0.6667946 1.0211709 2.4372291 0.8844908 0.9791972 0.5367742 1.1179244 0.8225644 1.1921856 0.9201967 1.1758082 0.0000000 0.9384426 0.7891755 
Meleagris_gallopavo      0.9668852 0.7298019 1.0258618 1.1932235 1.0666252 0.6637014 0.6361014 0.0515928 0.7357875 0.9907515 1.1066848 1.0256028 0.5704132 2.2502230 0.8909476 0.2576500 0.8662908 0.8103786 1.0571606 0.8870718 0.8979637 0.7969552 0.9384426 0.0000000 1.1739833 
Loxodonta_africana       0.4014945 1.1723357 0.8688202 1.9792258 1.6095288 1.2613141 1.2448647 1.2285516 1.3193471 0.5003167 1.8950287 0.5401184 1.1656828 3.0012244 1.2759643 1.3197817 0.4139239 1.4985974 1.1485570 1.6683865 1.2412712 1.3890915 0.7891755 1.1739833 0.0000000 
