25
Canis_lupus              0.0000000 0.8553105 1.5887414 0.9451502 1.1097405 1.3291520 0.4809131 0.8517369 1.5145861 0.3240664 0.9623310 0.3583084 1.2723587 1.5566728 0.9330502 1.1882994 0.2870245 1.8509216 0.4162385 1.0477211 1.0720571 1.3072570 1.1216316 1.2158840 0.2972547 
Amblyraja_radiata        0.8553105 0.0000000 1.7084493 1.5573847 0.7860669 0.7635654 0.5404735 0.8303474 0.6330197 0.8320610 0.7896468 0.9319298 0.9804600 1.1512537 0.2611007 0.8359786 0.8001626 1.0702614 0.8414786 0.7726340 0.4545303 0.5917063 1.1246226 0.7835692 0.9069490 
Notamacropus_eugenii     1.5887414 1.7084493 0.0000000 1.6905509 2.2674567 1.9226932 1.1288832 1.3938494 3.0334538 1.7332568 1.8222669 1.4009596 2.1754348 2.8387037 1.9946319 2.0624977 1.5895721 2.5257631 1.0484610 1.8666566 2.0423227 2.0002381 0.8985606 2.2411087 1.5881119 
Eptatretus_burgeri       0.9451502 1.5573847 1.6905509 0.0000000 1.2033345 1.2038102 1.0219419 1.1063262 1.2005875 1.0124385 1.2448434 1.0160071 1.1092926 1.1400295 1.2827992 1.2152860 1.0067831 1.2786432 0.9744739 1.1015331 1.3238838 1.0940506 1.1029612 1.0864272 0.9355977 
Takifugu_rubripes        1.1097405 0.7860669 2.2674567 1.2033345 0.0000000 1.2377442 0.7601563 1.2185516 1.2567845 1.0504760 0.5292226 1.0048246 1.2421024 1.4420617 0.9036799 1.3238313 1.0410713 1.2036604 0.7588609 1.1839927 0.7792571 1.0619313 1.3853858 1.2520485 1.1252927 
Xenopus_tropicalis       1.3291520 0.7635654 1.9226932 1.2038102 1.2377442 0.0000000 0.4417076 1.0949912 1.4205799 1.2797241 0.8563993 1.1715980 1.6168831 1.5027442 0.8753053 1.3062906 1.2375648 1.5637517 0.6821465 0.8006627 1.0943200 1.2889731 1.6739200 1.3044794 1.2719951 
Neoceratodus_forsteri    0.4809131 0.5404735 1.1288832 1.0219419 0.7601563 0.4417076 0.0000000 0.6142018 0.4031357 0.4816173 0.6535554 0.5181043 0.5909551 1.1579931 0.5165484 0.6391849 0.4959355 0.8792922 0.5006566 0.5306078 0.4626988 0.3391855 0.7934041 0.5629967 0.5266884 
Gallus_gallus            0.8517369 0.8303474 1.3938494 1.1063262 1.2185516 1.0949912 0.6142018 0.0000000 1.3202269 0.9031666 1.0239199 0.7781841 0.8816242 1.5268144 0.8585681 0.5551711 0.9202625 1.6303360 0.5250727 0.8347162 0.8337734 1.1075542 1.0827932 0.4116953 0.9492494 
Latimeria_chalumnae      1.5145861 0.6330197 3.0334538 1.2005875 1.2567845 1.4205799 0.4031357 1.3202269 0.0000000 1.2969650 0.8737634 0.9733287 1.8334821 1.7187524 0.7422484 1.5627964 1.3869185 1.8600005 0.6422498 1.2582034 0.7568319 1.1042658 2.0450327 1.6128080 1.3115497 
Homo_sapiens             0.3240664 0.8320610 1.7332568 1.0124385 1.0504760 1.2797241 0.4816173 0.9031666 1.2969650 0.0000000 0.8878761 0.3544717 1.1921061 1.5949616 0.9042385 1.2090248 0.4325718 1.8348850 0.3909469 1.0702072 0.9994801 1.2531434 1.1194924 1.1725516 0.3466554 
Oreochromis_niloticus    0.9623310 0.7896468 1.8222669 1.2448434 0.5292226 0.8563993 0.6535554 1.0239199 0.8737634 0.8878761 0.0000000 0.9972792 1.0330102 1.3668666 0.8581496 1.1839816 0.8930694 1.1168702 0.7131199 1.0823904 0.8391270 1.0369181 1.3086410 1.0717355 0.9321767 
Mus_musculus             0.3583084 0.9319298 1.4009596 1.0160071 1.0048246 1.1715980 0.5181043 0.7781841 0.9733287 0.3544717 0.9972792 0.0000000 1.2407896 1.5422072 1.0013589 1.1773187 0.4188923 1.7076867 0.4283632 1.0547310 1.0697969 1.0416753 0.8974494 0.9864657 0.3539206 
Anolis_carolinensis      1.2723587 0.9804600 2.1754348 1.1092926 1.2421024 1.6168831 0.5909551 0.8816242 1.8334821 1.1921061 1.0330102 1.2407896 0.0000000 2.0027235 1.0421358 1.2625185 1.3240194 2.0459536 0.5366324 1.0433789 1.0316362 1.3555727 1.6084488 0.7116915 1.2141714 
Petromyzon_marinus       1.5566728 1.1512537 2.8387037 1.1400295 1.4420617 1.5027442 1.1579931 1.5268144 1.7187524 1.5949616 1.3668666 1.5422072 2.0027235 0.0000000 1.3834107 1.5465339 1.5373102 1.6517954 1.2449347 1.3497263 1.3501906 1.3764234 1.9910480 1.4943208 1.6852334 
Scyliorhinus_canicula    0.9330502 0.2611007 1.9946319 1.2827992 0.9036799 0.8753053 0.5165484 0.8585681 0.7422484 0.9042385 0.8581496 1.0013589 1.0421358 1.3834107 0.0000000 0.8924466 0.9012721 1.2688533 0.8904941 0.7396381 0.5944025 0.6669281 1.2664851 0.8794533 0.9777159 
Taeniopygia_guttata      1.1882994 0.8359786 2.0624977 1.2152860 1.3238313 1.3062906 0.6391849 0.5551711 1.5627964 1.2090248 1.1839816 1.1773187 1.2625185 1.5465339 0.8924466 0.0000000 1.3261181 1.9655345 0.6153717 0.8860892 1.0926980 1.2431625 1.6707076 0.7495041 1.3065500 
Dasypus_novemcinctus     0.2870245 0.8001626 1.5895721 1.0067831 1.0410713 1.2375648 0.4959355 0.9202625 1.3869185 0.4325718 0.8930694 0.4188923 1.3240194 1.5373102 0.9012721 1.3261181 0.0000000 1.9252524 0.4391409 0.8893280 0.9895428 1.1055054 1.1685675 1.2824175 0.3077266 
Danio_kyathit            1.8509216 1.0702614 2.5257631 1.2786432 1.2036604 1.5637517 0.8792922 1.6303360 1.8600005 1.8348850 1.1168702 1.7076867 2.0459536 1.6517954 1.2688533 1.9655345 1.9252524 0.0000000 1.0324375 1.2888046 1.2995618 1.6485658 1.9407159 1.9884458 1.8385208 
Ornithorhynchus_anatinus 0.4162385 0.8414786 1.0484610 0.9744739 0.7588609 0.6821465 0.5006566 0.5250727 0.6422498 0.3909469 0.7131199 0.4283632 0.5366324 1.2449347 0.8904941 0.6153717 0.4391409 1.0324375 0.0000000 0.7235254 0.9231156 0.5989232 0.7581188 0.5935797 0.4639218 
Rana_temporaria          1.0477211 0.7726340 1.8666566 1.1015331 1.1839927 0.8006627 0.5306078 0.8347162 1.2582034 1.0702072 1.0823904 1.0547310 1.0433789 1.3497263 0.7396381 0.8860892 0.8893280 1.2888046 0.7235254 0.0000000 0.8325382 0.9108539 1.2533462 0.9185449 0.9975124 
Callorhinchus_milii      1.0720571 0.4545303 2.0423227 1.3238838 0.7792571 1.0943200 0.4626988 0.8337734 0.7568319 0.9994801 0.8391270 1.0697969 1.0316362 1.3501906 0.5944025 1.0926980 0.9895428 1.2995618 0.9231156 0.8325382 0.0000000 0.6439524 1.4190257 0.9480266 1.0877557 
Protopterus_annectens    1.3072570 0.5917063 2.0002381 1.0940506 1.0619313 1.2889731 0.3391855 1.1075542 1.1042658 1.2531434 1.0369181 1.0416753 1.3555727 1.3764234 0.6669281 1.2431625 1.1055054 1.6485658 0.5989232 0.9108539 0.6439524 0.0000000 1.3205654 1.1449170 1.2760215 
Monodelphis_domestica    1.1216316 1.1246226 0.8985606 1.1029612 1.3853858 1.6739200 0.7934041 1.0827932 2.0450327 1.1194924 1.3086410 0.8974494 1.6084488 1.9910480 1.2664851 1.6707076 1.1685675 1.9407159 0.7581188 1.2533462 1.4190257 1.3205654 0.0000000 1.6519151 1.1212042 
Meleagris_gallopavo      1.2158840 0.7835692 2.2411087 1.0864272 1.2520485 1.3044794 0.5629967 0.4116953 1.6128080 1.1725516 1.0717355 0.9864657 0.7116915 1.4943208 0.8794533 0.7495041 1.2824175 1.9884458 0.5935797 0.9185449 0.9480266 1.1449170 1.6519151 0.0000000 1.3019084 
Loxodonta_africana       0.2972547 0.9069490 1.5881119 0.9355977 1.1252927 1.2719951 0.5266884 0.9492494 1.3115497 0.3466554 0.9321767 0.3539206 1.2141714 1.6852334 0.9777159 1.3065500 0.3077266 1.8385208 0.4639218 0.9975124 1.0877557 1.2760215 1.1212042 1.3019084 0.0000000 
