25
Canis_lupus              0.0000000 0.9295509 0.8811312 1.3040218 1.2965045 1.0805100 0.6523511 0.7672558 1.1422545 0.3314839 1.3717667 0.3302669 0.9208878 1.8269719 0.9125557 1.0277937 0.2253420 1.3859161 0.6319439 0.9911542 0.9356482 1.0559632 0.5989665 0.8187881 0.2751352 
Amblyraja_radiata        0.9295509 0.0000000 1.2100734 1.3332020 1.0647508 0.8313434 0.5539202 0.8511227 0.7571507 0.9530976 1.1025472 0.9635259 0.8751423 1.4221524 0.2991218 0.9753237 0.9117707 1.0785735 0.9775035 0.8965454 0.5389383 0.8034906 0.9571939 0.8221579 0.9789920 
Notamacropus_eugenii     0.8811312 1.2100734 0.0000000 1.5920696 1.5284746 1.2388255 0.9705587 1.1204642 1.2844399 0.9302677 1.4476100 0.9360913 1.1646719 2.0719167 1.2769114 1.1580129 0.8708671 1.5573282 1.1481925 1.2954715 1.2444154 1.2745055 0.5833065 1.2422230 0.9455828 
Eptatretus_burgeri       1.3040218 1.3332020 1.5920696 0.0000000 1.5419590 1.2372715 1.1279840 1.3002788 1.2248369 1.3702495 1.4977070 1.3706925 1.2619015 1.6377207 1.3348140 1.4017509 1.3144837 1.5129828 1.4383357 1.3503546 1.2659818 1.2556907 1.4089049 1.2933424 1.3570928 
Takifugu_rubripes        1.2965045 1.0647508 1.5284746 1.5419590 0.0000000 1.3010541 0.9491948 1.3230841 1.1387448 1.3063133 0.5810549 1.2454556 1.3801476 1.6764201 0.9999673 1.3853843 1.3213169 1.1001519 1.2563362 1.2436569 0.9878871 1.1414030 1.4176310 1.2857374 1.2912475 
Xenopus_tropicalis       1.0805100 0.8313434 1.2388255 1.2372715 1.3010541 0.0000000 0.5936945 0.7896921 1.0127756 1.0450654 1.2858907 1.0192338 0.9139516 1.6643621 0.8273799 0.9928199 1.0249758 1.3844191 0.8043939 0.6181577 0.9209098 1.0756549 1.1559827 0.7905501 0.9960056 
Neoceratodus_forsteri    0.6523511 0.5539202 0.9705587 1.1279840 0.9491948 0.5936945 0.0000000 0.5836807 0.5328493 0.6825839 0.9038496 0.6692040 0.6046456 1.3917154 0.5719830 0.7321331 0.6067576 0.8198963 0.6491582 0.6382156 0.4952962 0.4386440 0.7390059 0.5892660 0.6770462 
Gallus_gallus            0.7672558 0.8511227 1.1204642 1.3002788 1.3230841 0.7896921 0.5836807 0.0000000 1.0022781 0.7925431 1.3164471 0.7553694 0.5875921 1.7307298 0.8310222 0.4423382 0.7073157 1.2777240 0.7289274 0.8082137 0.8696476 0.9560325 0.8408522 0.1239028 0.7515731 
Latimeria_chalumnae      1.1422545 0.7571507 1.2844399 1.2248369 1.1387448 1.0127756 0.5328493 1.0022781 0.0000000 1.1220639 1.1212584 1.0271325 1.1478401 1.6416602 0.7393849 1.0878576 1.1236259 1.2852794 1.0112805 1.0278505 0.7611148 0.8812909 1.3702506 0.9899228 1.0831178 
Homo_sapiens             0.3314839 0.9530976 0.9302677 1.3702495 1.3063133 1.0450654 0.6825839 0.7925431 1.1220639 0.0000000 1.3213760 0.3949147 0.8857967 1.9053208 0.9233927 1.0500512 0.3291540 1.3907722 0.6370447 1.0372275 0.9230658 1.1403819 0.6777049 0.8093337 0.2991653 
Oreochromis_niloticus    1.3717667 1.1025472 1.4476100 1.4977070 0.5810549 1.2858907 0.9038496 1.3164471 1.1212584 1.3213760 0.0000000 1.3632477 1.4337919 1.7354744 1.1106518 1.3854033 1.4495454 1.0791128 1.2961613 1.1973524 1.0432656 1.1556007 1.6002848 1.2634208 1.3355861 
Mus_musculus             0.3302669 0.9635259 0.9360913 1.3706925 1.2454556 1.0192338 0.6692040 0.7553694 1.0271325 0.3949147 1.3632477 0.0000000 0.8773805 1.7197115 0.9210264 1.0216507 0.2908990 1.3215563 0.6678876 0.9753002 0.9831509 1.0139439 0.6118925 0.7786029 0.3508065 
Anolis_carolinensis      0.9208878 0.8751423 1.1646719 1.2619015 1.3801476 0.9139516 0.6046456 0.5875921 1.1478401 0.8857967 1.4337919 0.8773805 0.0000000 1.8093468 0.8708428 0.9168014 0.9049592 1.3931449 0.7490021 0.9382599 0.9238080 1.0347518 1.0108094 0.5575585 0.8576513 
Petromyzon_marinus       1.8269719 1.4221524 2.0719167 1.6377207 1.6764201 1.6643621 1.3917154 1.7307298 1.6416602 1.9053208 1.7354744 1.7197115 1.8093468 0.0000000 1.5962019 1.8726804 1.7556211 1.8188953 1.7794729 1.7740324 1.5920097 1.6473745 1.9052277 1.7495591 1.9143265 
Scyliorhinus_canicula    0.9125557 0.2991218 1.2769114 1.3348140 0.9999673 0.8273799 0.5719830 0.8310222 0.7393849 0.9233927 1.1106518 0.9210264 0.8708428 1.5962019 0.0000000 0.9338431 0.8899555 1.0884421 0.9655965 0.8901520 0.4044842 0.8217875 0.9900904 0.8322385 0.9573330 
Taeniopygia_guttata      1.0277937 0.9753237 1.1580129 1.4017509 1.3853843 0.9928199 0.7321331 0.4423382 1.0878576 1.0500512 1.3854033 1.0216507 0.9168014 1.8726804 0.9338431 0.0000000 0.9973925 1.4099103 0.9566824 0.9746248 1.0289940 1.0619736 1.1230003 0.4865840 1.0333804 
Dasypus_novemcinctus     0.2253420 0.9117707 0.8708671 1.3144837 1.3213169 1.0249758 0.6067576 0.7073157 1.1236259 0.3291540 1.4495454 0.2908990 0.9049592 1.7556211 0.8899555 0.9973925 0.0000000 1.4011645 0.6283901 0.9412540 0.9038106 1.0548323 0.5687492 0.7393182 0.2461113 
Danio_kyathit            1.3859161 1.0785735 1.5573282 1.5129828 1.1001519 1.3844191 0.8198963 1.2777240 1.2852794 1.3907722 1.0791128 1.3215563 1.3931449 1.8188953 1.0884421 1.4099103 1.4011645 0.0000000 1.2433985 1.3218500 1.0980459 1.2561154 1.4942075 1.2759888 1.4154674 
Ornithorhynchus_anatinus 0.6319439 0.9775035 1.1481925 1.4383357 1.2563362 0.8043939 0.6491582 0.7289274 1.0112805 0.6370447 1.2961613 0.6678876 0.7490021 1.7794729 0.9655965 0.9566824 0.6283901 1.2433985 0.0000000 0.9129140 0.9492038 0.9827023 0.7176380 0.7149167 0.6401217 
Rana_temporaria          0.9911542 0.8965454 1.2954715 1.3503546 1.2436569 0.6181577 0.6382156 0.8082137 1.0278505 1.0372275 1.1973524 0.9753002 0.9382599 1.7740324 0.8901520 0.9746248 0.9412540 1.3218500 0.9129140 0.0000000 0.9522682 1.0116968 1.0579505 0.7984520 0.9775678 
Callorhinchus_milii      0.9356482 0.5389383 1.2444154 1.2659818 0.9878871 0.9209098 0.4952962 0.8696476 0.7611148 0.9230658 1.0432656 0.9831509 0.9238080 1.5920097 0.4044842 1.0289940 0.9038106 1.0980459 0.9492038 0.9522682 0.0000000 0.7960497 1.0564237 0.8649110 0.9366290 
Protopterus_annectens    1.0559632 0.8034906 1.2745055 1.2556907 1.1414030 1.0756549 0.4386440 0.9560325 0.8812909 1.1403819 1.1556007 1.0139439 1.0347518 1.6473745 0.8217875 1.0619736 1.0548323 1.2561154 0.9827023 1.0116968 0.7960497 0.0000000 1.1482033 0.9566878 1.0784473 
Monodelphis_domestica    0.5989665 0.9571939 0.5833065 1.4089049 1.4176310 1.1559827 0.7390059 0.8408522 1.3702506 0.6777049 1.6002848 0.6118925 1.0108094 1.9052277 0.9900904 1.1230003 0.5687492 1.4942075 0.7176380 1.0579505 1.0564237 1.1482033 0.0000000 0.8907847 0.6351878 
Meleagris_gallopavo      0.8187881 0.8221579 1.2422230 1.2933424 1.2857374 0.7905501 0.5892660 0.1239028 0.9899228 0.8093337 1.2634208 0.7786029 0.5575585 1.7495591 0.8322385 0.4865840 0.7393182 1.2759888 0.7149167 0.7984520 0.8649110 0.9566878 0.8907847 0.0000000 0.7761321 
Loxodonta_africana       0.2751352 0.9789920 0.9455828 1.3570928 1.2912475 0.9960056 0.6770462 0.7515731 1.0831178 0.2991653 1.3355861 0.3508065 0.8576513 1.9143265 0.9573330 1.0333804 0.2461113 1.4154674 0.6401217 0.9775678 0.9366290 1.0784473 0.6351878 0.7761321 0.0000000 
