25
Canis_lupus              0.0000000 0.7211536 0.7655607 1.2769924 0.7647585 0.9395458 0.9631214 0.5040316 0.8040535 0.2237856 1.3966872 1.6509847 0.2008922 2.0560428 0.8899292 1.3528575 0.7039396 0.2005132 0.1799304 1.0517038 0.5182920 1.0928924 1.1043429 0.7037115 0.9020710 
Meleagris_gallopavo      0.7211536 0.0000000 0.5656176 1.1389696 0.2483704 0.7443196 0.7515804 0.5581046 0.5061747 0.6641730 1.2105007 1.3557089 0.6465009 1.7298544 0.6271396 1.1766387 0.0708916 0.6879772 0.6291153 0.7980425 0.6340049 0.8292180 0.8646484 0.7648645 0.6436241 
Neoceratodus_forsteri    0.7655607 0.5656176 0.0000000 0.9797618 0.6073444 0.4922374 0.2735503 0.6814618 0.6498734 0.7290733 0.9493412 1.3899956 0.7177888 1.5342816 0.6457782 1.0070064 0.5629065 0.7613329 0.7004807 0.6577641 0.7385448 0.6312076 0.6921648 0.8813741 0.6318355 
Oreochromis_niloticus    1.2769924 1.1389696 0.9797618 0.0000000 1.1897857 1.0450951 1.0928170 1.2603806 1.2039561 1.2970850 0.7347502 1.6786126 1.2760955 2.0569849 1.2045941 0.4311377 1.1597480 1.3433179 1.2628243 1.0936519 1.3689786 1.1161893 1.1611008 1.4868394 1.1639791 
Taeniopygia_guttata      0.7647585 0.2483704 0.6073444 1.1897857 0.0000000 0.7347280 0.7550264 0.6223938 0.5928117 0.7468641 1.2169603 1.5139713 0.7154658 1.7650779 0.6758761 1.1959465 0.2125217 0.7718145 0.6918359 0.8418951 0.6759930 0.9251844 0.9195943 0.7898755 0.6662963 
Latimeria_chalumnae      0.9395458 0.7443196 0.4922374 1.0450951 0.7347280 0.0000000 0.6741833 0.8069375 0.8161207 0.8713858 1.1169660 1.4750978 0.8875490 1.7161184 0.7887804 1.0988144 0.7176637 0.9162726 0.8498188 0.7629311 0.8937568 0.7793695 0.7954394 0.9995899 0.7993307 
Protopterus_annectens    0.9631214 0.7515804 0.2735503 1.0928170 0.7550264 0.6741833 0.0000000 0.8329557 0.8250448 0.9178039 1.1399246 1.4011878 0.9254115 1.7746320 0.8060209 1.1038651 0.7173164 0.9624298 0.8754317 0.7802356 0.9033146 0.7882206 0.8271695 1.0355830 0.8310655 
Ornithorhynchus_anatinus 0.5040316 0.5581046 0.6814618 1.2603806 0.6223938 0.8069375 0.8329557 0.0000000 0.6168177 0.4986635 1.2495912 1.7127502 0.4461009 1.9887568 0.7374225 1.2199973 0.5700914 0.4860412 0.4425996 0.9525455 0.4533032 0.9840206 1.0073631 0.6299993 0.7035288 
Anolis_carolinensis      0.8040535 0.5061747 0.6498734 1.2039561 0.5928117 0.8161207 0.8250448 0.6168177 0.0000000 0.7536767 1.2362643 1.5183243 0.7287206 1.8000493 0.7383422 1.2528434 0.5076434 0.8115335 0.7165532 0.9107761 0.7385175 0.9196267 0.9401379 0.8794132 0.7570192 
Mus_musculus             0.2237856 0.6641730 0.7290733 1.2970850 0.7468641 0.8713858 0.9178039 0.4986635 0.7536767 0.0000000 1.3679413 1.7175286 0.1801027 2.0126254 0.8050581 1.3340222 0.6624284 0.2091687 0.1769439 1.0084767 0.4848980 1.0931205 1.0526315 0.6655698 0.8137758 
Danio_kyathit            1.3966872 1.2105007 0.9493412 0.7347502 1.2169603 1.1169660 1.1399246 1.2495912 1.2362643 1.3679413 0.0000000 1.7516512 1.3700654 1.9953982 1.2538048 0.7315467 1.1845908 1.4315129 1.3397606 1.1404796 1.4290723 1.1940458 1.1975766 1.6480128 1.2729162 
Eptatretus_burgeri       1.6509847 1.3557089 1.3899956 1.6786126 1.5139713 1.4750978 1.4011878 1.7127502 1.5183243 1.7175286 1.7516512 0.0000000 1.6618616 1.8950532 1.6005729 1.7416053 1.3971471 1.6398420 1.6013786 1.4718509 1.8302115 1.3907109 1.4724804 2.0713862 1.5594930 
Homo_sapiens             0.2008922 0.6465009 0.7177888 1.2760955 0.7154658 0.8875490 0.9254115 0.4461009 0.7287206 0.1801027 1.3700654 1.6618616 0.0000000 2.1177733 0.8237360 1.3309113 0.6462655 0.1729670 0.1285288 0.9760421 0.4748406 1.0281887 1.0359235 0.6211976 0.8158530 
Petromyzon_marinus       2.0560428 1.7298544 1.5342816 2.0569849 1.7650779 1.7161184 1.7746320 1.9887568 1.8000493 2.0126254 1.9953982 1.8950532 2.1177733 0.0000000 1.8453339 1.9037562 1.7409268 2.1611080 2.0457828 1.5288423 2.0235181 1.6308902 1.6541378 2.2901848 1.8305871 
Rana_temporaria          0.8899292 0.6271396 0.6457782 1.2045941 0.6758761 0.7887804 0.8060209 0.7374225 0.7383422 0.8050581 1.2538048 1.6005729 0.8237360 1.8453339 0.0000000 1.1932174 0.6279295 0.8407202 0.7996760 0.8572405 0.7761669 0.9098551 0.9115586 0.9370008 0.4137436 
Takifugu_rubripes        1.3528575 1.1766387 1.0070064 0.4311377 1.1959465 1.0988144 1.1038651 1.2199973 1.2528434 1.3340222 0.7315467 1.7416053 1.3309113 1.9037562 1.1932174 0.0000000 1.1687960 1.4317231 1.3213260 1.1348084 1.3768216 1.1437996 1.1961062 1.5132197 1.2001848 
Gallus_gallus            0.7039396 0.0708916 0.5629065 1.1597480 0.2125217 0.7176637 0.7173164 0.5700914 0.5076434 0.6624284 1.1845908 1.3971471 0.6462655 1.7409268 0.6279295 1.1687960 0.0000000 0.6745848 0.6235626 0.7992339 0.6110480 0.8299526 0.8823916 0.7514733 0.6296696 
Dasypus_novemcinctus     0.2005132 0.6879772 0.7613329 1.3433179 0.7718145 0.9162726 0.9624298 0.4860412 0.8115335 0.2091687 1.4315129 1.6398420 0.1729670 2.1611080 0.8407202 1.4317231 0.6745848 0.0000000 0.1464814 1.0584648 0.4819455 1.1402825 1.1308073 0.6356853 0.8590134 
Loxodonta_africana       0.1799304 0.6291153 0.7004807 1.2628243 0.6918359 0.8498188 0.8754317 0.4425996 0.7165532 0.1769439 1.3397606 1.6013786 0.1285288 2.0457828 0.7996760 1.3213260 0.6235626 0.1464814 0.0000000 0.9954450 0.4415468 1.0297608 1.0543337 0.6052886 0.7825041 
Scyliorhinus_canicula    1.0517038 0.7980425 0.6577641 1.0936519 0.8418951 0.7629311 0.7802356 0.9525455 0.9107761 1.0084767 1.1404796 1.4718509 0.9760421 1.5288423 0.8572405 1.1348084 0.7992339 1.0584648 0.9954450 0.0000000 0.9933273 0.3712351 0.3156971 1.1810615 0.8502661 
Monodelphis_domestica    0.5182920 0.6340049 0.7385448 1.3689786 0.6759930 0.8937568 0.9033146 0.4533032 0.7385175 0.4848980 1.4290723 1.8302115 0.4748406 2.0235181 0.7761669 1.3768216 0.6110480 0.4819455 0.4415468 0.9933273 0.0000000 1.0479234 1.0019135 0.3131762 0.8100037 
Callorhinchus_milii      1.0928924 0.8292180 0.6312076 1.1161893 0.9251844 0.7793695 0.7882206 0.9840206 0.9196267 1.0931205 1.1940458 1.3907109 1.0281887 1.6308902 0.9098551 1.1437996 0.8299526 1.1402825 1.0297608 0.3712351 1.0479234 0.0000000 0.4378426 1.2347628 0.8835306 
Amblyraja_radiata        1.1043429 0.8646484 0.6921648 1.1611008 0.9195943 0.7954394 0.8271695 1.0073631 0.9401379 1.0526315 1.1975766 1.4724804 1.0359235 1.6541378 0.9115586 1.1961062 0.8823916 1.1308073 1.0543337 0.3156971 1.0019135 0.4378426 0.0000000 1.2315390 0.9076574 
Notamacropus_eugenii     0.7037115 0.7648645 0.8813741 1.4868394 0.7898755 0.9995899 1.0355830 0.6299993 0.8794132 0.6655698 1.6480128 2.0713862 0.6211976 2.2901848 0.9370008 1.5132197 0.7514733 0.6356853 0.6052886 1.1810615 0.3131762 1.2347628 1.2315390 0.0000000 0.9286452 
Xenopus_tropicalis       0.9020710 0.6436241 0.6318355 1.1639791 0.6662963 0.7993307 0.8310655 0.7035288 0.7570192 0.8137758 1.2729162 1.5594930 0.8158530 1.8305871 0.4137436 1.2001848 0.6296696 0.8590134 0.7825041 0.8502661 0.8100037 0.8835306 0.9076574 0.9286452 0.0000000 
