25
Canis_lupus              0.0000000 0.9132507 0.4505213 0.8151351 1.1094443 1.0787748 0.4654898 0.8727501 0.8120769 0.5780143 1.0851715 0.2735435 0.9556089 1.5113719 0.4964866 0.9273337 0.1487071 1.5914884 0.4902512 0.9015204 0.9320030 0.8006872 0.4726695 0.8102587 0.3011206 
Amblyraja_radiata        0.9132507 0.0000000 0.7446773 0.7078933 1.4048776 0.7853515 0.3978595 0.9327492 0.7267118 0.9581618 1.2515050 0.9135860 0.8668950 1.0046237 0.2751057 1.0485229 0.8196800 1.6103908 0.7688938 0.8691774 0.7802431 0.7266237 0.9944742 0.8735110 0.8207355 
Notamacropus_eugenii     0.4505213 0.7446773 0.0000000 0.9360419 1.0290823 0.6196866 0.4190739 0.8019975 0.6252109 0.3474544 0.9458216 0.4695735 0.6285203 1.0947976 0.5901395 0.7951097 0.3547503 1.2670862 0.6709187 0.7910757 0.7527568 0.5880926 0.3144691 0.7446345 0.4193952 
Eptatretus_burgeri       0.8151351 0.7078933 0.9360419 0.0000000 1.3219873 0.8023905 0.6808010 0.9352443 0.7923584 0.8118950 1.0757913 0.7891425 0.8483781 1.3550429 0.6537493 1.0151269 0.7502842 1.4334027 0.8371140 1.0330224 0.7334337 0.7602797 0.9753327 0.9348533 0.7727262 
Takifugu_rubripes        1.1094443 1.4048776 1.0290823 1.3219873 0.0000000 1.1808810 0.9406588 1.3333963 0.9083700 1.1296570 0.3774049 1.1552731 1.4031673 1.8862858 0.7370049 1.4076279 1.1085625 1.0400093 0.9064866 1.0768053 0.9204170 1.0670552 1.3586776 1.1779750 0.7756093 
Xenopus_tropicalis       1.0787748 0.7853515 0.6196866 0.8023905 1.1808810 0.0000000 0.5314691 0.7340042 0.6938574 0.9407871 1.1421809 0.9644166 0.7851457 1.3592360 0.4553746 0.8632285 0.9547904 1.8136958 0.5886346 0.5376721 0.8556707 0.8856870 1.0864919 0.5935313 0.6464914 
Neoceratodus_forsteri    0.4654898 0.3978595 0.4190739 0.6808010 0.9406588 0.5314691 0.0000000 0.4930045 0.3640833 0.5643793 0.6967901 0.5456238 0.5038778 1.0977917 0.3406012 0.5484374 0.4437125 0.8900702 0.4191483 0.6703639 0.4950616 0.2370520 0.6737885 0.5469155 0.4505900 
Gallus_gallus            0.8727501 0.9327492 0.8019975 0.9352443 1.3333963 0.7340042 0.4930045 0.0000000 0.8385463 1.1412609 1.1480725 0.8237653 0.5623420 1.5130424 0.5142090 0.2496609 0.7927790 1.6166080 0.7072362 0.7760876 1.0576258 0.7640388 1.0610486 0.1408319 0.7510314 
Latimeria_chalumnae      0.8120769 0.7267118 0.6252109 0.7923584 0.9083700 0.6938574 0.3640833 0.8385463 0.0000000 0.9424069 0.8683114 0.8861190 0.8730654 1.2497150 0.3613373 0.9799181 0.7066856 1.2240454 0.6429133 0.6839940 0.6951297 0.5578713 1.0296043 0.6799043 0.6589221 
Homo_sapiens             0.5780143 0.9581618 0.3474544 0.8118950 1.1296570 0.9407871 0.5643793 1.1412609 0.9424069 0.0000000 0.9321088 0.6365344 0.9139119 1.9111473 0.4792982 1.1064598 0.5440448 1.6001169 0.5769414 1.0451890 0.8424505 1.0020337 0.8991080 0.9436988 0.3819136 
Oreochromis_niloticus    1.0851715 1.2515050 0.9458216 1.0757913 0.3774049 1.1421809 0.6967901 1.1480725 0.8683114 0.9321088 0.0000000 1.1564839 0.9897626 1.5917059 0.6827643 1.3079319 1.1562072 0.8374326 0.9865081 0.9335761 0.8789636 0.8989611 1.2273933 1.0107082 0.8242876 
Mus_musculus             0.2735435 0.9135860 0.4695735 0.7891425 1.1552731 0.9644166 0.5456238 0.8237653 0.8861190 0.6365344 1.1564839 0.0000000 0.9314477 1.5577640 0.5228916 0.8207781 0.2377505 1.4795473 0.5265441 0.8985936 1.0339533 0.8352266 0.5613047 0.7622524 0.3868602 
Anolis_carolinensis      0.9556089 0.8668950 0.6285203 0.8483781 1.4031673 0.7851457 0.5038778 0.5623420 0.8730654 0.9139119 0.9897626 0.9314477 0.0000000 1.4641686 0.5127605 0.6961988 0.8659451 1.5179883 0.6074738 0.8631660 0.9462688 0.6787676 1.0062648 0.5109886 0.6735504 
Petromyzon_marinus       1.5113719 1.0046237 1.0947976 1.3550429 1.8862858 1.3592360 1.0977917 1.5130424 1.2497150 1.9111473 1.5917059 1.5577640 1.4641686 0.0000000 0.9079552 1.6100639 1.3617911 2.1036805 1.5938637 1.4757584 1.4238742 1.4361690 1.5298642 1.4434294 1.5811376 
Scyliorhinus_canicula    0.4964866 0.2751057 0.5901395 0.6537493 0.7370049 0.4553746 0.3406012 0.5142090 0.3613373 0.4792982 0.6827643 0.5228916 0.5127605 0.9079552 0.0000000 0.5559943 0.4397481 0.9301009 0.5913067 0.6194127 0.2768450 0.4467045 0.6568795 0.5142090 0.4551289 
Taeniopygia_guttata      0.9273337 1.0485229 0.7951097 1.0151269 1.4076279 0.8632285 0.5484374 0.2496609 0.9799181 1.1064598 1.3079319 0.8207781 0.6961988 1.6100639 0.5559943 0.0000000 0.8330212 1.7108266 0.7065586 0.8597385 1.1214941 0.9751160 1.1220242 0.2764722 0.7643678 
Dasypus_novemcinctus     0.1487071 0.8196800 0.3547503 0.7502842 1.1085625 0.9547904 0.4437125 0.7927790 0.7066856 0.5440448 1.1562072 0.2377505 0.8659451 1.3617911 0.4397481 0.8330212 0.0000000 1.5702609 0.5046490 0.8337548 0.8577685 0.7219120 0.4694072 0.7065910 0.2373523 
Danio_kyathit            1.5914884 1.6103908 1.2670862 1.4334027 1.0400093 1.8136958 0.8900702 1.6166080 1.2240454 1.6001169 0.8374326 1.4795473 1.5179883 2.1036805 0.9301009 1.7108266 1.5702609 0.0000000 1.1140704 1.4331806 1.4560355 1.2752685 1.7582950 1.3230285 1.4003602 
Ornithorhynchus_anatinus 0.4902512 0.7688938 0.6709187 0.8371140 0.9064866 0.5886346 0.4191483 0.7072362 0.6429133 0.5769414 0.9865081 0.5265441 0.6074738 1.5938637 0.5913067 0.7065586 0.5046490 1.1140704 0.0000000 0.7007321 0.6767119 0.6905665 0.5929972 0.5748269 0.4803145 
Rana_temporaria          0.9015204 0.8691774 0.7910757 1.0330224 1.0768053 0.5376721 0.6703639 0.7760876 0.6839940 1.0451890 0.9335761 0.8985936 0.8631660 1.4757584 0.6194127 0.8597385 0.8337548 1.4331806 0.7007321 0.0000000 1.0380083 0.8490679 0.9868336 0.7089792 0.7322149 
Callorhinchus_milii      0.9320030 0.7802431 0.7527568 0.7334337 0.9204170 0.8556707 0.4950616 1.0576258 0.6951297 0.8424505 0.8789636 1.0339533 0.9462688 1.4238742 0.2768450 1.1214941 0.8577685 1.4560355 0.6767119 1.0380083 0.0000000 0.8739316 1.1555337 0.9271428 0.7313043 
Protopterus_annectens    0.8006872 0.7266237 0.5880926 0.7602797 1.0670552 0.8856870 0.2370520 0.7640388 0.5578713 1.0020337 0.8989611 0.8352266 0.6787676 1.4361690 0.4467045 0.9751160 0.7219120 1.2752685 0.6905665 0.8490679 0.8739316 0.0000000 0.9215521 0.7157260 0.6745475 
Monodelphis_domestica    0.4726695 0.9944742 0.3144691 0.9753327 1.3586776 1.0864919 0.6737885 1.0610486 1.0296043 0.8991080 1.2273933 0.5613047 1.0062648 1.5298642 0.6568795 1.1220242 0.4694072 1.7582950 0.5929972 0.9868336 1.1555337 0.9215521 0.0000000 0.9246935 0.5219280 
Meleagris_gallopavo      0.8102587 0.8735110 0.7446345 0.9348533 1.1779750 0.5935313 0.5469155 0.1408319 0.6799043 0.9436988 1.0107082 0.7622524 0.5109886 1.4434294 0.5142090 0.2764722 0.7065910 1.3230285 0.5748269 0.7089792 0.9271428 0.7157260 0.9246935 0.0000000 0.6193226 
Loxodonta_africana       0.3011206 0.8207355 0.4193952 0.7727262 0.7756093 0.6464914 0.4505900 0.7510314 0.6589221 0.3819136 0.8242876 0.3868602 0.6735504 1.5811376 0.4551289 0.7643678 0.2373523 1.4003602 0.4803145 0.7322149 0.7313043 0.6745475 0.5219280 0.6193226 0.0000000 
