25
Canis_lupus              0.0000000 1.1411753 2.4831491 2.2347040 2.2257152 1.1021603 0.8063123 0.5592725 1.9750128 0.2423608 2.5184029 0.2779981 0.6542902 2.2224260 1.1165383 1.7999320 0.2369714 2.0428400 0.6364662 0.9416022 1.1724776 1.5594628 0.4753071 0.5771466 0.2086569 
Amblyraja_radiata        1.1411753 0.0000000 2.5103569 2.1764218 1.6950547 1.2101393 0.7540327 0.9247327 1.6428851 1.0234266 1.9764371 1.0265359 1.1060171 1.8828955 0.3073348 1.6357145 1.0808662 1.6230903 1.0339867 1.0639080 0.4417700 1.0557050 1.0355038 0.9072820 1.0580153 
Notamacropus_eugenii     2.4831491 2.5103569 0.0000000 3.4402492 2.4434210 2.6126500 2.6215561 2.5985771 1.9482427 2.7500838 2.4741388 2.4291052 2.2487883 3.1938553 2.4663321 1.8698228 2.7299014 3.0629395 3.0793938 2.3511783 2.5133628 2.6732892 2.8401510 2.6029014 2.5265808 
Eptatretus_burgeri       2.2347040 2.1764218 3.4402492 0.0000000 2.4736965 2.2380904 1.9686173 2.3412855 2.3346228 2.3238734 3.3113452 2.2312067 2.2342075 3.4351746 2.3263920 2.7421591 2.2126812 2.8455955 2.5951397 1.8815549 2.0940942 1.8576092 2.2116543 2.2996914 2.2169057 
Takifugu_rubripes        2.2257152 1.6950547 2.4434210 2.4736965 0.0000000 1.7635896 1.5870487 2.1071818 1.8852030 2.1135594 0.7410813 1.9940487 1.9444802 1.7774401 1.5542975 2.1980466 2.2037424 1.9849462 2.1837127 1.8580524 1.6759307 1.2942217 2.1454651 2.0742226 2.1480030 
Xenopus_tropicalis       1.1021603 1.2101393 2.6126500 2.2380904 1.7635896 0.0000000 0.8575551 0.7243135 1.7543823 0.9055937 2.5283657 0.9430532 0.7211251 1.9793854 1.1209723 1.7787346 0.9330414 2.3670880 0.7877066 0.6696766 1.2630492 1.5130859 0.9909074 0.7332563 0.9616593 
Neoceratodus_forsteri    0.8063123 0.7540327 2.6215561 1.9686173 1.5870487 0.8575551 0.0000000 0.6138289 1.6077298 0.7108292 2.1719713 0.7570814 0.7355803 2.0327828 0.7198392 1.7702439 0.7084591 1.6460006 0.7265789 0.7114555 0.6421872 1.2679883 0.7735789 0.6007099 0.7223354 
Gallus_gallus            0.5592725 0.9247327 2.5985771 2.3412855 2.1071818 0.7243135 0.6138289 0.0000000 1.8146959 0.4318094 2.7697357 0.4532914 0.4375542 2.1990308 0.9422474 1.6794125 0.4258602 2.0561100 0.5042934 0.8172975 0.9601704 1.5210295 0.4914345 0.0084062 0.4273865 
Latimeria_chalumnae      1.9750128 1.6428851 1.9482427 2.3346228 1.8852030 1.7543823 1.6077298 1.8146959 0.0000000 1.9120329 2.2712920 1.7609087 1.6390003 2.1640889 1.7414846 1.7580115 1.8997708 2.4484720 1.9708128 2.0677443 1.7548514 1.6533521 2.0377750 1.7865874 1.7995916 
Homo_sapiens             0.2423608 1.0234266 2.7500838 2.3238734 2.1135594 0.9055937 0.7108292 0.4318094 1.9120329 0.0000000 2.6399883 0.1634828 0.5589375 2.1736659 0.9888351 1.6076077 0.0891211 1.8067151 0.4894712 0.8454801 1.0460378 1.5114247 0.3130319 0.4367430 0.0968716 
Oreochromis_niloticus    2.5184029 1.9764371 2.4741388 3.3113452 0.7410813 2.5283657 2.1719713 2.7697357 2.2712920 2.6399883 0.0000000 2.3721570 2.8840685 2.9882948 2.1030195 2.9691592 2.6291910 2.5665602 3.0369722 2.3505790 2.0961322 1.5433510 2.7659247 2.7304091 2.5361238 
Mus_musculus             0.2779981 1.0265359 2.4291052 2.2312067 1.9940487 0.9430532 0.7570814 0.4532914 1.7609087 0.1634828 2.3721570 0.0000000 0.5473819 1.9446355 1.1137099 1.6348172 0.1015388 1.6650409 0.5114367 0.8249839 1.1122008 1.3811182 0.3287211 0.4691053 0.1204547 
Anolis_carolinensis      0.6542902 1.1060171 2.2487883 2.2342075 1.9444802 0.7211251 0.7355803 0.4375542 1.6390003 0.5589375 2.8840685 0.5473819 0.0000000 2.1633200 1.0654945 1.7443835 0.5819482 2.1005517 0.5978913 0.9293682 1.1681203 1.7800911 0.6276290 0.4531319 0.5685732 
Petromyzon_marinus       2.2224260 1.8828955 3.1938553 3.4351746 1.7774401 1.9793854 2.0327828 2.1990308 2.1640889 2.1736659 2.9882948 1.9446355 2.1633200 0.0000000 1.7773925 2.8369436 2.1552806 2.3888559 2.3048792 2.1671947 1.8516281 1.9567871 2.0116473 2.1652733 2.0615189 
Scyliorhinus_canicula    1.1165383 0.3073348 2.4663321 2.3263920 1.5542975 1.1209723 0.7198392 0.9422474 1.7414846 0.9888351 2.1030195 1.1137099 1.0654945 1.7773925 0.0000000 1.4966153 1.0594919 1.7718811 1.0232182 0.9293719 0.2788337 1.1363512 1.1324651 0.9250455 1.0457290 
Taeniopygia_guttata      1.7999320 1.6357145 1.8698228 2.7421591 2.1980466 1.7787346 1.7702439 1.6794125 1.7580115 1.6076077 2.9691592 1.6348172 1.7443835 2.8369436 1.4966153 0.0000000 1.6491710 2.5994315 1.7667008 1.8141994 1.6527165 1.8257687 1.6524142 1.6527542 1.5257716 
Dasypus_novemcinctus     0.2369714 1.0808662 2.7299014 2.2126812 2.2037424 0.9330414 0.7084591 0.4258602 1.8997708 0.0891211 2.6291910 0.1015388 0.5819482 2.1552806 1.0594919 1.6491710 0.0000000 1.8618052 0.4658690 0.8589521 1.0632313 1.5278916 0.3334540 0.4411328 0.0705447 
Danio_kyathit            2.0428400 1.6230903 3.0629395 2.8455955 1.9849462 2.3670880 1.6460006 2.0561100 2.4484720 1.8067151 2.5665602 1.6650409 2.1005517 2.3888559 1.7718811 2.5994315 1.8618052 0.0000000 2.1428095 2.3479568 1.9566956 1.7400608 2.0716576 2.0234970 1.7796057 
Ornithorhynchus_anatinus 0.6364662 1.0339867 3.0793938 2.5951397 2.1837127 0.7877066 0.7265789 0.5042934 1.9708128 0.4894712 3.0369722 0.5114367 0.5978913 2.3048792 1.0232182 1.7667008 0.4658690 2.1428095 0.0000000 0.8753678 1.0029406 1.7790891 0.5742801 0.5103163 0.4349946 
Rana_temporaria          0.9416022 1.0639080 2.3511783 1.8815549 1.8580524 0.6696766 0.7114555 0.8172975 2.0677443 0.8454801 2.3505790 0.8249839 0.9293682 2.1671947 0.9293719 1.8141994 0.8589521 2.3479568 0.8753678 0.0000000 1.0773302 1.6627874 1.0886920 0.8279189 0.8227797 
Callorhinchus_milii      1.1724776 0.4417700 2.5133628 2.0940942 1.6759307 1.2630492 0.6421872 0.9601704 1.7548514 1.0460378 2.0961322 1.1122008 1.1681203 1.8516281 0.2788337 1.6527165 1.0632313 1.9566956 1.0029406 1.0773302 0.0000000 1.2226723 1.1032189 0.9425626 1.0863149 
Protopterus_annectens    1.5594628 1.0557050 2.6732892 1.8576092 1.2942217 1.5130859 1.2679883 1.5210295 1.6533521 1.5114247 1.5433510 1.3811182 1.7800911 1.9567871 1.1363512 1.8257687 1.5278916 1.7400608 1.7790891 1.6627874 1.2226723 0.0000000 1.5339618 1.4963827 1.5243466 
Monodelphis_domestica    0.4753071 1.0355038 2.8401510 2.2116543 2.1454651 0.9909074 0.7735789 0.4914345 2.0377750 0.3130319 2.7659247 0.3287211 0.6276290 2.0116473 1.1324651 1.6524142 0.3334540 2.0716576 0.5742801 1.0886920 1.1032189 1.5339618 0.0000000 0.4738038 0.3290246 
Meleagris_gallopavo      0.5771466 0.9072820 2.6029014 2.2996914 2.0742226 0.7332563 0.6007099 0.0084062 1.7865874 0.4367430 2.7304091 0.4691053 0.4531319 2.1652733 0.9250455 1.6527542 0.4411328 2.0234970 0.5103163 0.8279189 0.9425626 1.4963827 0.4738038 0.0000000 0.4427171 
Loxodonta_africana       0.2086569 1.0580153 2.5265808 2.2169057 2.1480030 0.9616593 0.7223354 0.4273865 1.7995916 0.0968716 2.5361238 0.1204547 0.5685732 2.0615189 1.0457290 1.5257716 0.0705447 1.7796057 0.4349946 0.8227797 1.0863149 1.5243466 0.3290246 0.4427171 0.0000000 
