25
Canis_lupus              0.0000000 0.5558618 0.5952634 1.0672121 0.5534971 0.7620911 0.8218805 0.7595328 0.7492581 0.3911864 0.8278606 1.2670451 0.1439048 1.4120705 0.8283923 1.2361489 0.5516679 0.1932894 0.1304971 1.1498525 0.5583396 0.6667299 0.8727344 0.4633952 0.9014078 
Meleagris_gallopavo      0.5558618 0.0000000 0.5818463 1.0413061 0.2353100 0.6712956 0.8472788 0.8002235 0.5281643 0.6482514 0.7798797 1.1995067 0.5495907 1.3747971 0.6642227 1.1778251 0.0620392 0.4935150 0.4876743 0.9606288 0.6397315 0.6517604 0.7932597 0.5861275 0.7515960 
Neoceratodus_forsteri    0.5952634 0.5818463 0.0000000 0.8289992 0.5943972 0.5006376 0.4213556 0.7463359 0.7707069 0.5618814 0.7176501 1.2666947 0.6013555 1.2003564 0.7557506 0.9506853 0.5848355 0.5482969 0.5009314 0.8771650 0.6589172 0.3883944 0.5960503 0.6641170 0.8648159 
Oreochromis_niloticus    1.0672121 1.0413061 0.8289992 0.0000000 0.9708739 0.8931164 1.1432625 1.3790466 1.3342057 1.0847736 0.6693656 1.4039098 1.0432906 1.2606692 1.0638259 0.5888334 1.0437975 1.1168241 1.0236733 1.3329869 1.1415861 0.8806497 0.8958589 1.1676088 1.1699971 
Taeniopygia_guttata      0.5534971 0.2353100 0.5943972 0.9708739 0.0000000 0.7109466 0.8123404 0.8436630 0.6141887 0.6781289 0.7636790 1.2986757 0.5519152 1.3259442 0.6517907 1.1670963 0.2120301 0.5530364 0.5093821 1.0422191 0.5957579 0.6620753 0.8739078 0.5783627 0.6960564 
Latimeria_chalumnae      0.7620911 0.6712956 0.5006376 0.8931164 0.7109466 0.0000000 0.7217746 1.2979721 0.9464141 0.7596155 0.7559152 1.3113503 0.7460585 1.1781859 0.8090367 1.0240794 0.6788145 0.7244476 0.6592064 0.9545611 0.8753678 0.6392848 0.6437410 0.8798293 0.9936666 
Protopterus_annectens    0.8218805 0.8472788 0.4213556 1.1432625 0.8123404 0.7217746 0.0000000 1.1272230 0.9771939 0.8788518 1.0051330 1.5129416 0.8505725 1.6769532 1.0245910 1.2242202 0.7903447 0.8818791 0.7214213 1.2241791 0.9306106 0.6519392 0.8779177 0.9614662 1.1721899 
Ornithorhynchus_anatinus 0.7595328 0.8002235 0.7463359 1.3790466 0.8436630 1.2979721 1.1272230 0.0000000 1.0243475 0.9218007 1.2716979 1.6376764 0.7684620 1.6987133 1.1852017 1.5143569 0.7670873 0.8554771 0.7335353 1.1649833 0.8480495 1.0399423 1.0700935 0.7711841 1.0311699 
Anolis_carolinensis      0.7492581 0.5281643 0.7707069 1.3342057 0.6141887 0.9464141 0.9771939 1.0243475 0.0000000 0.7308739 0.9635478 1.4580044 0.7255070 1.3299751 0.9130802 1.3315271 0.5010996 0.7077024 0.6573774 1.2855215 0.8188669 0.9293787 0.9512513 0.7171640 1.0332770 
Mus_musculus             0.3911864 0.6482514 0.5618814 1.0847736 0.6781289 0.7596155 0.8788518 0.9218007 0.7308739 0.0000000 0.8084588 1.5104778 0.3228969 1.2841975 0.7982347 1.1712036 0.6606117 0.2957285 0.3058813 1.0597932 0.6150437 0.7690559 0.9665068 0.5816388 0.8990207 
Danio_kyathit            0.8278606 0.7798797 0.7176501 0.6693656 0.7636790 0.7559152 1.0051330 1.2716979 0.9635478 0.8084588 0.0000000 1.4749648 0.8169597 1.2378641 1.0496250 0.7681998 0.7890880 0.7899352 0.7489255 1.0739614 1.0302257 0.7117890 0.7626280 1.0344004 1.1790077 
Eptatretus_burgeri       1.2670451 1.1995067 1.2666947 1.4039098 1.2986757 1.3113503 1.5129416 1.6376764 1.4580044 1.5104778 1.4749648 0.0000000 1.2093156 1.3203748 1.4008016 1.7365686 1.2159093 1.3013057 1.1476183 2.2538346 1.3409891 1.2264204 1.6112414 1.2155049 1.4589457 
Homo_sapiens             0.1439048 0.5495907 0.6013555 1.0432906 0.5519152 0.7460585 0.8505725 0.7684620 0.7255070 0.3228969 0.8169597 1.2093156 0.0000000 1.4491781 0.8245668 1.1257768 0.5365960 0.1852059 0.1439382 1.1557484 0.5133482 0.6763828 0.8477427 0.4367686 0.9386198 
Petromyzon_marinus       1.4120705 1.3747971 1.2003564 1.2606692 1.3259442 1.1781859 1.6769532 1.6987133 1.3299751 1.2841975 1.2378641 1.3203748 1.4491781 0.0000000 1.7279296 1.3566398 1.3268674 1.3386996 1.3305462 1.6855082 1.5224920 1.2056622 1.3820316 1.4515421 1.6728496 
Rana_temporaria          0.8283923 0.6642227 0.7557506 1.0638259 0.6517907 0.8090367 1.0245910 1.1852017 0.9130802 0.7982347 1.0496250 1.4008016 0.8245668 1.7279296 0.0000000 1.2876408 0.6624268 0.7887669 0.7209381 1.2586941 0.7782608 0.9027626 0.9362627 0.8998280 0.4227579 
Takifugu_rubripes        1.2361489 1.1778251 0.9506853 0.5888334 1.1670963 1.0240794 1.2242202 1.5143569 1.3315271 1.1712036 0.7681998 1.7365686 1.1257768 1.3566398 1.2876408 0.0000000 1.1288402 1.3016425 1.1513034 1.1941513 1.1896648 1.0315805 0.8473497 1.2468258 1.6256043 
Gallus_gallus            0.5516679 0.0620392 0.5848355 1.0437975 0.2120301 0.6788145 0.7903447 0.7670873 0.5010996 0.6606117 0.7890880 1.2159093 0.5365960 1.3268674 0.6624268 1.1288402 0.0000000 0.5242022 0.4843513 0.9722190 0.6480711 0.6362854 0.8214809 0.5986234 0.7742372 
Dasypus_novemcinctus     0.1932894 0.4935150 0.5482969 1.1168241 0.5530364 0.7244476 0.8818791 0.8554771 0.7077024 0.2957285 0.7899352 1.3013057 0.1852059 1.3386996 0.7887669 1.3016425 0.5242022 0.0000000 0.1432638 1.1375636 0.4668618 0.6610897 1.0060123 0.4387112 0.8980396 
Loxodonta_africana       0.1304971 0.4876743 0.5009314 1.0236733 0.5093821 0.6592064 0.7214213 0.7335353 0.6573774 0.3058813 0.7489255 1.1476183 0.1439382 1.3305462 0.7209381 1.1513034 0.4843513 0.1432638 0.0000000 1.0812776 0.4640682 0.6145198 0.8526431 0.4237183 0.8483437 
Scyliorhinus_canicula    1.1498525 0.9606288 0.8771650 1.3329869 1.0422191 0.9545611 1.2241791 1.1649833 1.2855215 1.0597932 1.0739614 2.2538346 1.1557484 1.6855082 1.2586941 1.1941513 0.9722190 1.1375636 1.0812776 0.0000000 1.0864805 0.6583934 0.4160694 1.0471170 1.4480339 
Monodelphis_domestica    0.5583396 0.6397315 0.6589172 1.1415861 0.5957579 0.8753678 0.9306106 0.8480495 0.8188669 0.6150437 1.0302257 1.3409891 0.5133482 1.5224920 0.7782608 1.1896648 0.6480711 0.4668618 0.4640682 1.0864805 0.0000000 0.8158608 0.8428682 0.2117380 0.8887646 
Callorhinchus_milii      0.6667299 0.6517604 0.3883944 0.8806497 0.6620753 0.6392848 0.6519392 1.0399423 0.9293787 0.7690559 0.7117890 1.2264204 0.6763828 1.2056622 0.9027626 1.0315805 0.6362854 0.6610897 0.6145198 0.6583934 0.8158608 0.0000000 0.6007204 0.7194016 0.9517265 
Amblyraja_radiata        0.8727344 0.7932597 0.5960503 0.8958589 0.8739078 0.6437410 0.8779177 1.0700935 0.9512513 0.9665068 0.7626280 1.6112414 0.8477427 1.3820316 0.9362627 0.8473497 0.8214809 1.0060123 0.8526431 0.4160694 0.8428682 0.6007204 0.0000000 0.8865329 0.9815729 
Notamacropus_eugenii     0.4633952 0.5861275 0.6641170 1.1676088 0.5783627 0.8798293 0.9614662 0.7711841 0.7171640 0.5816388 1.0344004 1.2155049 0.4367686 1.4515421 0.8998280 1.2468258 0.5986234 0.4387112 0.4237183 1.0471170 0.2117380 0.7194016 0.8865329 0.0000000 0.9358775 
Xenopus_tropicalis       0.9014078 0.7515960 0.8648159 1.1699971 0.6960564 0.9936666 1.1721899 1.0311699 1.0332770 0.8990207 1.1790077 1.4589457 0.9386198 1.6728496 0.4227579 1.6256043 0.7742372 0.8980396 0.8483437 1.4480339 0.8887646 0.9517265 0.9815729 0.9358775 0.0000000 
