25
Canis_lupus              0.0000000 0.8762964 0.4648731 1.2763579 1.2438053 0.9066294 0.5972073 0.5536089 0.7654111 0.1440541 1.0735699 0.3921873 0.7527157 1.4233043 1.1565717 0.5554222 0.1936467 0.8316912 0.7636409 0.8322854 0.6694457 0.8258554 0.5603718 0.5578620 0.1306663 
Amblyraja_radiata        0.8762964 0.0000000 0.8905270 1.6260206 0.8509793 0.9871150 0.5980885 0.8248262 0.6461252 0.8512685 0.9002274 0.9702427 0.9557093 1.3921143 0.4173276 0.8777430 1.0111126 0.7654668 1.0765840 0.9404177 0.6029106 0.8819106 0.8469406 0.7965465 0.8562029 
Notamacropus_eugenii     0.4648731 0.8905270 0.0000000 1.2244890 1.2548638 0.9409898 0.6664126 0.6007889 0.8840166 0.4380137 1.1750290 0.5834298 0.7203266 1.4633690 1.0527480 0.5804941 0.4398888 1.0403731 0.7753001 0.9044092 0.7227910 0.9665286 0.2120197 0.5882472 0.4247788 
Eptatretus_burgeri       1.2763579 1.6260206 1.2244890 0.0000000 1.7522635 1.4718263 1.2761715 1.2247348 1.3218118 1.2183138 1.4151583 1.5224901 1.4708888 1.3312672 2.2782239 1.3083840 1.3112240 1.4881056 1.6532785 1.4126903 1.2354900 1.5255226 1.3516943 1.2082038 1.1557678 
Takifugu_rubripes        1.2438053 0.8509793 1.2548638 1.7522635 0.0000000 1.6384596 0.9555143 1.1358248 1.0298933 1.1324546 0.5908768 1.1776535 1.3410537 1.3662799 1.2022124 1.1743923 1.3096900 0.7718581 1.5267220 1.2960210 1.0373216 1.2319993 1.1975304 1.1851450 1.1578187 
Xenopus_tropicalis       0.9066294 0.9871150 0.9409898 1.4718263 1.6384596 0.0000000 0.8694027 0.7778667 0.9995760 0.9438970 1.1781541 0.9032573 1.0394775 1.6874796 1.4591266 0.6995031 0.9025333 1.1871459 1.0372571 0.4240382 0.9573435 1.1799901 0.8936757 0.7551172 0.8526193 
Neoceratodus_forsteri    0.5972073 0.5980885 0.6664126 1.2761715 0.9555143 0.8694027 0.0000000 0.5866441 0.5020398 0.6031254 0.8330900 0.5632346 0.7736040 1.2080536 0.8814943 0.5962787 0.5498439 0.7201843 0.7491748 0.7590795 0.3892625 0.4223840 0.6614698 0.5836346 0.5022048 
Gallus_gallus            0.5536089 0.8248262 0.6007889 1.2247348 1.1358248 0.7778667 0.5866441 0.0000000 0.6812629 0.5383253 1.0501376 0.6626327 0.5027542 1.3369575 0.9774509 0.2124378 0.5257459 0.7925538 0.7708194 0.6648712 0.6384615 0.7935178 0.6505930 0.0620641 0.4855923 
Latimeria_chalumnae      0.7654111 0.6461252 0.8840166 1.3218118 1.0298933 0.9995760 0.5020398 0.6812629 0.0000000 0.7493219 0.8980254 0.7627219 0.9512452 1.1862820 0.9594960 0.7136669 0.7274822 0.7592841 1.3072726 0.8127537 0.6415427 0.7247276 0.8796230 0.6738249 0.6615968 
Homo_sapiens             0.1440541 0.8512685 0.4380137 1.2183138 1.1324546 0.9438970 0.6031254 0.5383253 0.7493219 0.0000000 1.0495748 0.3236381 0.7286404 1.4611935 1.1626032 0.5537144 0.1854626 0.8205670 0.7725725 0.8283840 0.6791964 0.8546954 0.5150141 0.5513820 0.1440942 
Oreochromis_niloticus    1.0735699 0.9002274 1.1750290 1.4151583 0.5908768 1.1781541 0.8330900 1.0501376 0.8980254 1.0495748 0.0000000 1.0906612 1.3443714 1.2687422 1.3426964 0.9763072 1.1235281 0.6720335 1.3896774 1.0707552 0.8848294 1.1508262 1.1492765 1.0474784 1.0294234 
Mus_musculus             0.3921873 0.9702427 0.5834298 1.5224901 1.1776535 0.9032573 0.5632346 0.6626327 0.7627219 0.3236381 1.0906612 0.0000000 0.7335394 1.2931733 1.0649848 0.6803253 0.2963688 0.8116527 0.9265881 0.8014273 0.7717786 0.8827380 0.6171218 0.6503375 0.3064784 
Anolis_carolinensis      0.7527157 0.9557093 0.7203266 1.4708888 1.3410537 1.0394775 0.7736040 0.5027542 0.9512452 0.7286404 1.3443714 0.7335394 0.0000000 1.3398590 1.2941910 0.6164323 0.7106746 0.9689327 1.0307365 0.9178835 0.9341344 0.9820518 0.8230143 0.5298673 0.6599749 
Petromyzon_marinus       1.4233043 1.3921143 1.4633690 1.3312672 1.3662799 1.6874796 1.2080536 1.3369575 1.1862820 1.4611935 1.2687422 1.2931733 1.3398590 0.0000000 1.7008740 1.3355873 1.3491307 1.2462828 1.7140632 1.7439631 1.2133579 1.6914391 1.5358719 1.3852717 1.3407674 
Scyliorhinus_canicula    1.1565717 0.4173276 1.0527480 2.2782239 1.2022124 1.4591266 0.8814943 0.9774509 0.9594960 1.1626032 1.3426964 1.0649848 1.2941910 1.7008740 0.0000000 1.0480490 1.1440302 1.0802392 1.1724721 1.2666296 0.6613347 1.2317056 1.0924698 0.9657303 1.0870087 
Taeniopygia_guttata      0.5554222 0.8777430 0.5804941 1.3083840 1.1743923 0.6995031 0.5962787 0.2124378 0.7136669 0.5537144 0.9763072 0.6803253 0.6164323 1.3355873 1.0480490 0.0000000 0.5547438 0.7668414 0.8481983 0.6544586 0.6644914 0.8159148 0.5979590 0.2357970 0.5107926 
Dasypus_novemcinctus     0.1936467 1.0111126 0.4398888 1.3112240 1.3096900 0.9025333 0.5498439 0.5257459 0.7274822 0.1854626 1.1235281 0.2963688 0.7106746 1.3491307 1.1440302 0.5547438 0.0000000 0.7933240 0.8603160 0.7920781 0.6635787 0.8862466 0.4681856 0.4949733 0.1433945 
Danio_kyathit            0.8316912 0.7654668 1.0403731 1.4881056 0.7718581 1.1871459 0.7201843 0.7925538 0.7592841 0.8205670 0.6720335 0.8116527 0.9689327 1.2462828 1.0802392 0.7668414 0.7933240 0.0000000 1.2809755 1.0559255 0.7142844 1.0104942 1.0365023 0.7832072 0.7518593 
Ornithorhynchus_anatinus 0.7636409 1.0765840 0.7753001 1.6532785 1.5267220 1.0372571 0.7491748 0.7708194 1.3072726 0.7725725 1.3896774 0.9265881 1.0307365 1.7140632 1.1724721 0.8481983 0.8603160 1.2809755 0.0000000 1.1936219 1.0464485 1.1342421 0.8527642 0.8042930 0.7373639 
Rana_temporaria          0.8322854 0.9404177 0.9044092 1.4126903 1.2960210 0.4240382 0.7590795 0.6648712 0.8127537 0.8283840 1.0707552 0.8014273 0.9178835 1.7439631 1.2666296 0.6544586 0.7920781 1.0559255 1.1936219 0.0000000 0.9075185 1.0302286 0.7819736 0.6666249 0.7237965 
Callorhinchus_milii      0.6694457 0.6029106 0.7227910 1.2354900 1.0373216 0.9573435 0.3892625 0.6384615 0.6415427 0.6791964 0.8848294 0.7717786 0.9341344 1.2133579 0.6613347 0.6644914 0.6635787 0.7142844 1.0464485 0.9075185 0.0000000 0.6546629 0.8201301 0.6539814 0.6166154 
Protopterus_annectens    0.8258554 0.8819106 0.9665286 1.5255226 1.2319993 1.1799901 0.4223840 0.7935178 0.7247276 0.8546954 1.1508262 0.8827380 0.9820518 1.6914391 1.2317056 0.8159148 0.8862466 1.0104942 1.1342421 1.0302286 0.6546629 0.0000000 0.9356367 0.8507373 0.7245089 
Monodelphis_domestica    0.5603718 0.8469406 0.2120197 1.3516943 1.1975304 0.8936757 0.6614698 0.6505930 0.8796230 0.5150141 1.1492765 0.6171218 0.8230143 1.5358719 1.0924698 0.5979590 0.4681856 1.0365023 0.8527642 0.7819736 0.8201301 0.9356367 0.0000000 0.6421982 0.4653449 
Meleagris_gallopavo      0.5578620 0.7965465 0.5882472 1.2082038 1.1851450 0.7551172 0.5836346 0.0620641 0.6738249 0.5513820 1.0474784 0.6503375 0.5298673 1.3852717 0.9657303 0.2357970 0.4949733 0.7832072 0.8042930 0.6666249 0.6539814 0.8507373 0.6421982 0.0000000 0.4889556 
Loxodonta_africana       0.1306663 0.8562029 0.4247788 1.1557678 1.1578187 0.8526193 0.5022048 0.4855923 0.6615968 0.1440942 1.0294234 0.3064784 0.6599749 1.3407674 1.0870087 0.5107926 0.1433945 0.7518593 0.7373639 0.7237965 0.6166154 0.7245089 0.4653449 0.4889556 0.0000000 
